0 1
0 2
0 3
0 5
0 7
0 9
0 10
0 11
0 13
0 14
0 17
0 18
0 19
0 20
0 22
0 23
0 25
0 28
0 32
0 36
0 38
0 44
0 45
0 47
0 50
0 57
0 60
0 61
0 68
0 71
0 77
0 78
0 86
0 88
0 91
0 98
0 103
0 107
0 110
0 116
0 118
0 122
0 130
0 139
0 140
0 201
0 234
0 240
0 241
0 255
0 267
0 268
0 271
0 284
0 289
0 304
0 318
0 325
0 352
0 367
0 382
0 384
0 391
0 398
0 434
0 470
0 510
0 514
0 530
0 541
0 561
0 618
0 621
0 628
0 682
0 684
0 791
0 854
0 897
0 912
0 942
0 946
0 947
0 990
0 1012
0 1016
0 1023
0 1063
0 1101
0 1113
0 1149
0 1169
0 1179
0 1184
0 1216
0 1231
1 3
1 4
1 6
1 7
1 8
1 15
1 17
1 21
1 27
1 28
1 43
1 45
1 49
1 65
1 67
1 75
1 78
1 97
1 99
1 106
1 112
1 125
1 133
1 137
1 140
1 141
1 143
1 156
1 175
1 177
1 189
1 195
1 196
1 199
1 204
1 210
1 212
1 232
1 251
1 253
1 265
1 267
1 275
1 298
1 304
1 306
1 353
1 358
1 380
1 401
1 425
1 445
1 453
1 475
1 477
1 484
1 491
1 510
1 530
1 560
1 609
1 664
1 681
1 688
1 730
1 796
1 809
1 825
1 831
1 895
1 908
1 936
1 948
1 977
1 978
1 1076
1 1136
1 1142
1 1238
1 1245
1 3039
1 3090
1 3734
1 4240
2 4
2 16
2 41
2 57
2 79
2 102
2 166
2 175
2 192
2 198
2 238
2 357
2 540
2 951
2 970
2 4907
3 8
3 217
3 314
3 372
3 373
3 441
3 467
3 492
3 532
3 698
3 753
3 998
4 5
4 6
4 12
4 13
4 15
4 16
4 18
4 19
4 23
4 30
4 36
4 40
4 53
4 62
4 64
4 69
4 74
4 80
4 83
4 86
4 87
4 93
4 99
4 102
4 114
4 117
4 154
4 157
4 174
4 180
4 192
4 194
4 200
4 207
4 218
4 227
4 249
4 253
4 286
4 288
4 297
4 316
4 326
4 377
4 390
4 405
4 440
4 449
4 463
4 524
4 553
4 555
4 577
4 634
4 647
4 652
4 657
4 676
4 678
4 685
4 697
4 718
4 729
4 804
4 808
4 816
4 985
4 1113
4 1134
4 1172
4 1219
4 1227
4 1228
4 3165
5 11
5 12
5 22
5 24
5 30
5 33
5 34
5 39
5 42
5 62
5 67
5 135
5 327
5 347
5 507
5 609
5 757
5 778
5 865
5 1111
6 9
6 29
6 31
6 37
6 50
6 55
6 60
6 82
6 101
6 105
6 110
6 115
6 133
6 143
6 148
6 154
6 161
6 182
6 191
6 203
6 231
6 248
6 303
6 318
6 336
6 356
6 370
6 397
6 406
6 408
6 416
6 431
6 447
6 452
6 464
6 472
6 616
6 617
6 715
6 751
6 766
6 809
6 847
6 902
6 959
6 1015
6 1070
6 1082
6 1100
6 1122
6 1153
6 1163
6 3619
6 3801
6 4897
6 4958
7 59
7 129
7 586
7 1000
7 1004
7 3452
7 4860
7 4914
8 10
8 14
8 20
8 26
8 117
8 121
8 278
8 490
8 504
8 611
8 700
8 1120
8 3358
9 104
9 124
9 149
9 234
9 347
9 349
9 417
9 482
9 512
9 569
9 716
9 783
9 788
9 839
9 997
9 1069
9 1210
9 3457
10 32
10 51
10 58
10 85
10 95
10 105
10 108
10 121
10 206
10 233
10 406
10 519
10 633
10 645
10 724
10 735
10 782
10 830
10 884
10 931
10 1019
10 1053
10 3032
10 3530
11 61
11 225
11 231
11 245
11 298
11 324
11 341
11 357
11 382
11 422
11 451
11 597
11 638
11 786
11 803
11 925
11 1062
11 3310
12 37
12 84
12 205
12 344
12 389
12 1167
12 1230
12 4625
12 4639
13 26
13 40
13 116
13 128
13 474
14 123
14 134
14 149
14 280
14 394
14 561
14 790
14 3917
15 46
15 47
15 73
15 118
15 127
15 131
15 142
15 188
15 216
15 235
15 237
15 258
15 281
15 329
15 331
15 376
15 383
15 385
15 432
15 436
15 446
15 550
15 566
15 581
15 602
15 673
15 688
15 694
15 756
15 952
15 1022
15 1059
15 1108
15 1139
15 1180
15 4312
16 21
16 33
16 43
16 49
16 68
16 96
16 113
16 146
16 148
16 151
16 167
16 202
16 219
16 246
16 317
16 325
16 384
16 391
16 428
16 478
16 506
16 509
16 515
16 565
16 576
16 585
16 588
16 630
16 666
16 745
16 797
16 987
16 1013
16 1107
16 3144
16 3482
17 38
17 46
17 52
17 147
17 346
17 482
17 570
17 612
17 932
17 975
18 51
18 54
18 111
18 161
18 167
18 478
18 598
18 605
18 994
18 1014
18 1150
19 24
19 153
19 172
19 236
19 264
19 583
19 764
19 3784
19 4605
19 4800
20 165
20 168
20 392
20 564
20 901
20 1108
20 1114
20 1213
20 1243
20 3004
21 25
21 34
21 75
21 436
21 770
21 4765
22 42
22 76
22 151
22 152
22 157
22 158
22 174
22 345
22 617
22 1009
22 1121
22 1240
22 4616
23 668
24 27
24 35
24 72
24 134
24 579
24 889
24 3907
25 35
25 135
25 190
25 193
25 221
25 255
25 280
25 335
25 379
25 448
25 678
25 727
25 810
25 4524
26 29
26 64
26 65
26 84
26 91
26 109
26 128
26 171
26 260
26 291
26 295
26 522
26 527
26 575
26 613
26 663
26 860
26 993
26 1044
26 1116
26 1243
26 4061
27 44
27 56
27 90
27 92
27 106
27 119
27 164
27 168
27 288
27 290
27 294
27 334
27 374
27 378
27 454
27 511
27 526
27 539
27 640
27 712
27 741
27 788
27 808
27 918
27 1088
28 180
28 342
28 558
28 747
28 1021
29 31
29 224
29 245
29 281
29 437
29 626
29 869
29 985
29 1161
30 98
30 199
30 965
30 3292
30 4244
30 2313
31 39
31 55
31 56
31 181
31 242
31 250
31 282
31 443
31 515
31 538
31 579
31 584
31 592
31 649
31 749
31 832
31 859
31 861
31 862
31 944
31 967
31 1025
31 3850
32 81
32 82
32 155
32 466
32 474
32 494
32 595
32 907
32 945
32 980
32 1117
33 48
33 59
33 97
33 127
33 188
33 232
33 313
33 541
33 665
33 697
33 725
33 730
33 873
33 947
33 3387
34 58
34 204
34 310
34 3314
35 71
35 89
35 163
35 171
35 311
35 333
35 415
35 528
35 603
35 644
35 657
35 761
35 766
35 837
35 1005
35 1191
36 3270
36 4993
37 41
37 53
37 81
37 108
37 130
37 259
37 430
37 469
37 513
38 494
38 512
38 533
38 543
38 578
38 3432
38 3526
38 4044
38 4728
38 4895
39 70
39 203
39 222
39 248
39 292
39 450
39 525
39 566
39 759
39 867
39 1000
39 3425
39 3638
39 4290
40 361
40 396
40 846
40 913
40 1190
40 4309
41 93
41 144
41 183
41 213
41 303
41 974
41 3217
41 4142
41 4613
42 223
42 508
42 674
42 738
42 882
42 3235
43 48
43 80
43 214
43 229
43 283
43 309
43 340
43 348
43 471
43 610
43 646
43 673
43 816
43 828
43 850
43 873
43 1222
44 136
44 331
44 332
44 535
44 857
44 916
44 4752
45 63
45 69
45 399
45 455
45 703
45 728
45 877
45 4840
46 562
46 923
46 1011
46 1064
46 1196
46 1211
46 4719
47 217
47 243
47 266
47 962
47 1099
47 3095
48 131
48 340
48 471
48 511
48 696
48 704
48 780
48 832
48 1028
48 3707
48 4064
49 52
49 54
49 76
49 95
49 115
49 125
49 138
49 153
49 186
49 196
49 266
49 277
49 334
49 335
49 338
49 364
49 376
49 390
49 392
49 402
49 403
49 407
49 423
49 585
49 610
49 638
49 675
49 707
49 731
49 755
49 763
49 812
49 822
49 1094
49 1114
49 3019
50 66
50 72
50 88
50 145
50 252
50 395
50 401
50 589
50 646
50 672
50 712
50 748
50 863
50 987
52 63
52 162
52 421
52 468
52 559
52 767
52 1014
53 124
53 301
53 669
53 4134
54 119
54 166
54 441
54 534
54 733
54 743
54 863
54 1055
54 1074
54 4177
55 185
55 208
55 256
55 686
55 765
55 874
55 1002
55 1087
55 1101
55 3805
56 138
56 169
56 263
56 287
56 492
56 721
56 960
56 1182
56 1224
56 4113
57 70
57 85
57 94
57 146
57 531
58 227
58 302
58 1189
58 3814
59 96
59 445
59 843
59 4806
60 351
60 355
60 423
60 489
60 557
60 775
60 1221
60 3327
60 3393
60 4151
60 4775
60 2249
61 66
61 120
61 132
61 189
61 238
61 308
61 333
61 601
61 706
61 990
61 3249
62 87
62 113
62 114
62 136
62 193
62 214
62 310
62 323
62 456
62 659
62 700
62 986
62 1110
63 366
63 419
63 4974
64 79
64 172
64 307
64 630
64 828
65 132
65 152
65 209
65 222
65 261
65 270
65 326
65 371
65 408
65 500
65 714
65 1058
65 1150
66 73
66 74
66 184
66 349
66 435
66 439
66 643
66 732
66 1188
66 3154
66 3910
67 107
67 219
67 823
67 1129
67 4041
68 160
68 243
68 262
68 596
68 737
68 852
68 1072
68 1135
68 1157
68 3048
69 77
69 89
69 100
69 101
69 142
69 162
69 170
69 181
69 187
69 244
69 279
69 343
69 521
69 616
69 626
69 701
69 724
69 883
69 918
69 975
69 1051
70 129
70 455
70 723
70 3967
71 183
71 254
71 829
71 839
71 3195
71 3811
71 4378
72 100
72 191
72 265
72 307
72 396
72 424
72 458
72 627
72 926
72 1171
72 4026
72 4636
73 4393
74 83
74 173
74 220
74 493
74 978
74 1005
74 1177
75 112
75 126
75 137
75 177
75 363
75 470
75 484
75 537
75 623
75 795
75 4954
76 1034
76 3974
76 4470
77 145
77 211
77 286
77 402
77 600
77 783
77 844
77 951
77 1029
77 1086
78 164
78 179
78 187
78 190
78 294
78 375
78 572
78 1027
78 1058
78 1242
79 90
79 92
79 247
79 452
79 838
79 941
79 957
79 971
79 1131
80 205
80 360
80 848
80 886
81 798
81 1168
82 104
82 126
82 160
82 165
82 194
82 239
82 360
82 502
82 532
82 572
82 592
82 654
82 746
82 812
82 969
82 1056
82 1173
82 4481
83 3906
83 4097
83 4194
83 4427
84 123
84 701
84 1235
84 4402
85 122
85 226
85 277
85 356
85 409
85 505
85 542
85 574
85 768
85 891
85 963
85 983
86 241
86 327
86 375
86 495
86 639
86 924
86 1145
86 1159
86 3543
86 4640
86 4772
87 94
87 109
87 158
87 354
87 465
87 620
87 633
87 722
87 849
87 950
87 1031
87 1110
87 3734
88 274
88 765
88 890
88 1053
89 185
89 1003
89 1236
90 473
90 806
91 229
91 237
91 956
91 1030
92 103
92 163
92 210
92 488
92 534
92 655
92 966
92 4836
93 207
93 220
93 296
93 433
93 580
93 4342
94 111
94 197
94 273
94 549
94 581
94 1154
94 1168
95 666
95 758
95 911
95 955
96 173
96 202
96 424
96 497
96 1130
97 898
97 3427
98 878
99 225
99 399
99 460
99 1036
99 3370
99 3394
100 251
100 420
100 520
100 645
100 670
100 726
100 1018
100 3945
101 141
101 283
101 503
101 555
101 649
101 842
101 994
101 1146
101 4235
102 258
102 504
102 582
102 602
102 944
102 3775
102 4396
103 279
103 361
103 661
103 711
103 752
103 919
103 1217
103 4445
103 4682
104 139
104 568
104 582
104 3823
105 909
105 1134
105 1147
105 1225
105 3032
106 1155
107 216
107 314
107 389
107 861
108 3181
109 270
109 637
109 1227
110 393
110 457
110 507
110 659
110 667
110 1035
110 3353
110 3965
111 309
111 366
111 405
111 485
111 1061
111 3354
111 3748
112 120
112 419
112 425
112 493
112 531
112 639
112 699
112 739
113 249
113 254
113 352
113 365
113 691
113 4622
114 322
114 486
114 680
114 719
114 720
114 888
114 1099
115 776
115 984
115 991
115 4710
116 343
116 815
116 1240
116 3419
117 460
117 3456
118 774
118 818
118 3334
118 3666
119 228
119 272
119 629
119 741
119 803
119 4541
120 479
120 528
120 648
120 875
120 4091
121 483
121 519
121 1010
122 3107
122 4619
122 4621
123 3405
123 3445
124 472
124 787
124 1121
125 400
125 4737
126 144
126 285
126 339
126 387
126 409
126 440
126 986
127 385
127 497
127 721
127 4956
127 1570
128 299
128 346
128 635
129 291
129 949
129 1195
129 4519
130 150
130 418
130 670
130 3254
130 3374
131 170
131 686
131 794
132 250
132 301
132 315
132 894
132 3581
134 299
134 1081
135 159
135 496
135 1066
135 3453
135 3633
135 4964
135 2417
136 620
136 681
136 1090
136 3108
137 150
137 156
137 365
137 548
137 677
137 859
137 1043
137 3967
138 1022
138 4870
139 169
139 176
139 257
139 337
139 591
139 1060
139 1211
139 3145
139 4435
140 147
140 275
140 328
140 417
140 435
140 453
140 535
140 618
140 650
140 705
140 756
140 757
140 817
140 965
140 983
140 1067
140 1073
140 1139
140 1219
140 4031
140 4647
141 201
141 315
141 323
141 363
141 550
141 999
141 1102
142 302
142 586
142 785
142 906
142 935
142 970
142 4765
143 178
143 182
143 300
143 426
143 943
143 997
143 1200
143 3866
143 4342
144 386
144 387
144 759
144 3892
145 198
145 308
145 506
145 648
145 1032
145 4510
145 4960
146 159
146 429
146 480
146 488
146 885
146 3707
147 155
147 442
147 481
147 775
148 269
148 379
148 594
148 636
148 641
148 705
148 722
148 754
148 2434
149 252
149 479
149 499
149 571
149 771
150 244
150 274
150 350
150 412
150 755
151 438
151 824
151 969
151 1229
151 4362
152 407
152 485
152 954
152 1158
152 4461
153 431
153 653
153 703
153 1077
153 1095
153 1201
153 3614
154 246
154 319
154 3072
154 3330
154 3839
154 4665
155 261
155 883
155 1055
155 4440
155 4963
156 184
156 433
156 687
156 838
156 3461
156 3609
157 269
157 454
157 501
157 565
157 600
157 3603
157 4123
158 176
158 395
158 410
158 418
158 444
158 717
158 826
158 887
158 1233
159 543
159 917
159 1203
159 4839
160 212
160 230
160 278
160 342
160 671
160 906
160 1027
160 1047
161 358
161 520
161 4766
161 4913
162 260
162 880
162 3457
163 421
163 599
163 1045
163 1106
163 1217
163 3668
163 4151
163 4435
164 869
165 305
165 383
165 1048
165 1070
166 271
166 522
166 549
166 3917
167 940
167 3610
167 4890
169 336
169 3960
170 233
170 631
171 179
171 921
171 3255
171 3678
171 3882
172 178
172 209
172 413
172 698
172 3010
172 4112
173 276
173 305
173 330
173 362
173 422
173 843
173 1093
173 1151
173 3371
174 338
174 575
174 675
174 893
174 3983
175 239
175 4221
176 208
176 264
176 372
176 502
176 824
176 979
176 1166
177 186
177 257
177 591
177 805
177 932
177 1143
177 1216
178 200
178 865
178 1090
178 1162
179 368
179 825
179 4511
179 4719
180 679
180 3750
180 4579
181 224
181 622
181 658
181 790
181 1079
181 1109
182 197
182 4535
183 394
183 3107
183 3529
183 4720
184 3816
184 4469
185 3044
186 432
186 750
186 902
187 517
187 753
187 4178
188 247
188 443
188 446
188 538
188 588
188 1003
188 1073
188 1208
188 3349
190 218
190 353
190 411
190 451
190 784
190 3300
190 4899
191 195
191 370
191 3003
193 213
193 1001
194 857
194 911
194 933
194 980
194 1051
194 1065
196 317
196 380
196 461
196 615
196 689
196 1084
198 284
198 905
198 3479
199 236
200 819
200 934
200 3095
201 211
201 228
201 263
201 272
201 319
201 475
201 597
201 891
203 223
203 235
203 282
203 329
203 1137
203 4041
205 206
205 230
205 297
205 450
205 604
205 922
205 941
205 1165
206 215
206 285
206 412
206 437
206 525
206 811
206 3258
207 623
207 1229
208 3034
208 3398
208 4728
209 215
209 221
209 268
209 332
209 369
209 457
209 587
209 903
209 1149
209 3209
209 4234
209 4355
210 311
210 509
210 524
210 819
210 3308
214 313
214 3747
214 4364
216 320
216 348
216 539
216 3429
216 4643
217 240
217 339
217 1103
217 3743
219 287
219 290
219 414
219 489
219 737
219 742
219 858
220 4050
221 226
221 464
221 614
221 1181
221 1226
221 1245
222 259
222 773
222 979
223 374
224 377
225 1223
225 4821
226 242
226 499
226 4444
227 444
227 725
227 781
227 4978
228 295
228 462
228 643
228 693
228 745
228 814
228 3315
228 4019
231 739
231 964
231 4947
232 386
232 462
232 476
232 952
232 4678
233 743
233 881
233 905
233 1190
233 4241
234 337
234 580
234 671
234 834
234 4997
235 292
235 715
235 776
235 3115
235 4870
236 4268
237 613
237 668
237 792
237 1206
238 256
238 4098
238 4441
239 289
239 293
239 388
239 498
239 537
239 558
239 595
239 619
239 833
239 868
239 1222
240 312
240 354
240 674
240 841
240 1192
241 500
241 778
241 929
241 953
241 1124
241 4917
242 341
242 477
242 644
242 3084
242 3496
243 660
243 746
243 823
243 1025
243 3304
244 606
244 3553
244 4090
244 4346
245 404
245 683
245 732
246 447
246 560
246 930
246 4765
247 3331
248 593
248 1017
248 1157
248 3136
249 381
249 426
249 772
249 996
249 3068
249 4155
250 324
250 527
250 1085
250 1218
250 3908
251 322
251 393
251 469
251 547
251 938
251 1212
251 3388
252 373
252 660
252 835
252 901
252 1131
252 1232
253 449
253 4845
254 505
254 3302
255 866
255 3821
255 4367
255 1569
256 1038
256 3375
257 3603
257 4317
258 615
258 679
258 1094
258 3077
259 3864
259 4015
260 1060
260 3241
261 262
261 1013
263 273
263 573
263 786
263 878
263 1205
264 1098
265 276
265 1161
266 398
266 4183
267 1089
268 300
269 461
269 976
269 1128
270 428
270 430
272 634
272 3272
272 3425
272 3905
272 4522
273 293
273 413
273 465
273 685
273 779
273 974
274 368
275 553
275 749
275 3935
276 1248
276 2294
277 320
277 381
277 514
277 658
277 793
277 829
277 4189
278 306
279 312
279 458
279 1077
279 4417
280 490
280 769
280 3340
280 3684
281 321
281 545
281 750
281 758
281 762
281 773
282 296
282 1125
282 1169
282 3272
283 415
283 704
283 1066
283 1230
283 3704
284 473
284 551
284 635
284 664
284 1091
284 1195
284 3596
285 677
286 397
286 517
286 564
286 963
286 1054
287 456
287 583
288 4316
289 4438
289 4454
290 330
290 351
290 761
290 937
290 1133
290 1185
291 367
291 554
291 624
291 871
291 3851
291 4563
292 880
292 4741
293 388
293 927
293 950
295 442
295 463
295 714
295 848
295 860
295 971
295 1228
295 4332
295 4621
295 4867
296 316
296 359
296 438
296 536
296 598
296 733
296 1036
296 1063
296 3094
296 4705
297 3341
298 3198
299 411
299 3727
299 4183
300 544
300 4195
300 4808
301 1215
301 4149
303 427
303 486
303 545
303 563
303 622
303 708
303 709
303 818
303 1127
303 4863
304 608
304 907
304 1187
305 4606
305 4800
306 496
306 546
306 3902
306 4550
306 4558
307 429
307 554
308 584
308 3507
309 3534
309 4142
310 321
310 695
310 784
310 4845
311 4450
312 355
312 1016
312 3566
312 3586
312 3743
313 647
314 4035
316 4720
317 780
317 827
317 1111
317 4298
317 2965
318 459
318 931
319 466
319 717
319 813
319 845
319 886
319 3896
320 328
320 3643
320 3964
320 4237
320 4974
321 734
322 799
323 3558
324 1082
324 4738
325 837
325 1122
326 4680
327 563
328 439
328 719
329 1057
329 3263
329 3735
329 4309
329 4526
330 521
330 851
331 559
331 702
331 1006
331 3555
332 404
332 836
332 1107
333 371
333 420
333 491
333 684
333 1004
333 1103
333 3865
333 4908
334 344
334 707
334 805
334 1174
334 4847
335 345
335 968
335 3183
336 621
337 642
337 787
337 1126
337 4497
339 523
339 544
339 729
339 877
339 1115
339 4496
340 369
340 487
340 662
340 849
341 410
341 567
343 669
343 856
343 3971
344 350
344 552
344 876
345 3300
346 914
347 3564
347 3615
348 359
348 574
348 628
348 793
348 1024
348 1158
348 4283
348 1794
349 752
349 814
349 1061
349 3091
350 2915
351 903
351 4432
352 1112
353 483
353 862
353 3673
354 476
354 501
355 362
355 403
355 601
355 735
355 888
355 1078
355 1198
355 1239
355 3664
356 1200
356 4993
357 3614
358 364
358 1083
358 4710
358 4939
359 820
359 958
360 740
360 1238
361 416
361 481
361 801
361 821
361 1039
361 3053
362 614
362 874
362 881
362 1023
362 1141
362 4965
363 480
363 3469
364 434
364 794
364 4861
365 4095
365 4824
367 1015
367 3997
367 4514
367 4562
367 4992
368 682
368 1002
368 3788
369 607
370 400
370 3783
371 1046
372 427
372 690
372 807
372 900
373 4598
374 870
374 1098
374 3253
375 619
375 882
375 3305
375 4326
376 624
376 632
376 976
376 1182
376 1232
377 378
377 508
377 661
378 934
378 956
378 1096
379 847
379 4267
380 467
380 762
380 3804
381 652
383 414
383 726
383 870
383 1241
383 3405
383 3651
384 962
384 1041
385 587
385 856
385 964
385 2511
386 4690
387 892
387 917
387 3084
390 1138
390 3652
390 4269
390 4499
391 3640
392 468
392 606
392 1184
392 1189
392 4248
393 593
393 3001
393 4865
394 548
394 576
394 744
394 4298
395 604
395 851
395 1204
395 3271
395 4990
396 3578
397 879
397 4045
397 4049
398 871
398 1044
399 651
399 1095
399 1209
400 1156
400 3244
400 4790
401 1009
402 3332
403 4041
404 4262
405 3168
405 3314
406 459
406 556
406 781
406 3497
406 4299
407 495
407 627
407 961
407 3053
408 631
408 795
408 872
408 4821
409 663
409 1165
409 1244
410 1031
410 3365
410 4080
410 4820
411 1076
411 3870
411 4900
412 3601
412 3874
412 4965
413 487
413 1085
414 1030
415 529
415 1220
415 4603
416 804
416 4865
419 540
419 656
419 1124
419 1193
419 3526
420 872
420 3438
420 4154
421 571
421 3742
421 3743
421 4420
422 448
422 518
422 562
422 731
422 923
422 3544
423 523
423 590
423 1234
423 3279
424 3406
424 4657
425 716
425 3825
425 4306
426 551
426 654
426 960
426 1196
426 1208
426 3588
426 1550
427 718
428 1001
428 4216
429 802
430 940
430 3395
430 3767
430 3945
431 760
431 988
431 3394
432 3398
432 4215
433 1115
434 3627
435 899
435 914
435 1059
435 4409
436 4643
437 3152
437 3597
437 3647
437 4209
438 699
438 834
438 3498
440 3288
440 3440
440 4511
441 800
441 998
441 4498
441 4931
442 513
442 711
442 789
442 1069
442 1145
443 3315
443 4679
444 3239
445 3374
445 3386
446 4166
448 797
448 3106
448 3332
448 4440
448 4827
449 955
449 966
450 536
451 867
452 568
452 3164
452 4624
452 4728
453 3302
454 516
454 533
454 567
454 772
454 840
454 927
455 769
455 3074
455 4294
456 926
457 3527
458 3730
461 833
461 929
462 855
462 1116
462 1181
462 1206
462 4556
463 957
463 1104
463 4366
464 692
464 768
464 846
466 651
466 709
466 760
466 4358
467 526
467 636
467 665
468 4798
469 547
469 570
469 603
469 653
469 791
469 910
469 4695
471 3236
471 4642
472 596
472 798
473 498
473 1187
473 4192
474 542
474 845
474 936
474 939
474 3780
475 852
476 4329
477 1237
478 1226
478 3051
478 4339
478 4939
479 3507
479 1451
480 3537
481 629
481 4440
481 2089
482 573
482 3913
483 516
483 961
483 3884
483 4526
483 4688
484 503
484 640
484 655
484 3361
484 3995
484 4766
485 546
485 972
485 4320
485 4618
486 1086
486 3144
487 723
487 3512
488 3963
488 4096
489 689
489 3143
489 4708
490 3783
490 4247
491 3337
493 4041
494 3796
495 738
495 4174
496 605
496 810
496 875
496 1214
497 557
497 4060
498 1224
498 4961
499 904
499 3919
499 3931
499 4798
501 577
501 3598
502 2348
503 1119
503 3438
505 518
506 1204
506 3571
506 4657
507 830
507 921
508 3410
508 4990
509 1133
509 4839
510 612
510 676
510 3338
510 3834
510 4979
511 594
511 3038
511 3858
512 4131
513 992
513 3167
513 3528
513 4788
514 3062
515 625
515 982
515 1092
515 1177
515 3009
515 3064
515 4066
516 939
516 1028
516 3728
516 3783
517 692
517 3842
517 4134
518 864
518 3373
518 3477
518 4430
518 4906
519 710
519 3698
520 1034
520 4562
520 2850
521 552
521 650
521 736
521 844
521 909
521 1007
521 1008
521 3516
522 900
522 4305
524 817
524 841
524 1091
524 3871
524 4453
524 4624
524 4664
525 4215
526 774
527 690
527 953
528 529
529 995
534 4795
535 695
535 3657
536 3757
537 4796
538 811
538 868
538 948
538 4906
540 569
540 687
540 1006
540 1008
540 3713
541 779
541 827
543 1152
543 3688
543 4133
543 4175
543 4506
543 4776
544 4990
545 589
545 625
545 800
545 1183
545 4650
546 3142
547 3546
548 930
548 4458
548 4826
549 1132
549 4695
550 993
551 3451
551 3695
553 556
553 578
553 1147
553 3116
554 910
556 3804
556 4033
556 4086
556 4834
558 3096
559 662
561 599
561 1037
561 3443
561 4454
562 4965
563 706
563 981
563 3124
564 3470
565 3444
565 3659
566 713
566 4620
568 4418
569 672
569 853
569 946
569 973
569 1123
569 4253
569 4512
571 727
571 740
571 922
572 632
572 656
572 988
572 1068
573 4761
574 1160
575 3813
575 4666
576 641
576 3785
576 4711
577 4121
577 4956
579 4744
581 590
581 611
581 754
581 889
581 1043
581 4199
581 4423
583 1106
584 1246
584 4899
585 4918
586 1075
586 1235
587 607
587 1035
587 1049
587 4446
588 4903
589 742
589 1083
589 4047
590 608
590 995
590 4694
591 799
593 736
593 1207
594 1242
594 3425
594 4055
596 1081
596 1215
596 3357
596 4902
597 1020
597 4224
598 884
598 3368
599 3994
599 4619
600 637
600 1032
600 2179
601 4436
602 728
602 1029
603 1046
603 3988
603 4170
604 683
604 720
605 4437
605 4996
606 4246
607 842
607 1193
607 4131
608 3084
608 3143
609 691
609 4950
610 3352
610 3829
611 1207
612 764
612 3026
612 3858
613 708
613 807
613 916
613 1007
613 1143
614 1175
614 4103
615 782
615 1178
615 4519
616 734
616 3166
616 3187
618 826
619 3101
619 3280
620 1118
620 3826
621 710
621 858
621 1136
621 3167
622 4006
623 771
623 4352
624 702
624 1102
624 4428
625 747
625 3778
626 642
626 1138
626 4927
627 3123
627 3624
628 3978
628 4709
629 1049
629 4451
630 3733
631 693
631 850
631 999
631 1112
631 3247
631 4356
633 1141
633 3096
633 3900
634 767
634 806
634 915
634 4327
634 4959
635 3538
635 3796
635 4224
635 4479
636 4014
637 4886
638 744
638 1156
638 3296
638 3784
639 989
639 3108
639 2788
640 3687
641 836
641 920
644 1199
644 3196
644 4683
645 1068
645 3349
645 3561
645 3993
645 4510
645 4906
645 4935
646 4463
647 3105
648 840
650 4426
651 4038
652 835
652 1011
652 1024
652 1071
652 4429
652 4699
654 4755
655 1126
655 1130
655 4105
656 667
656 1080
657 802
657 4227
658 945
658 3934
659 1047
659 1234
659 3202
659 4364
659 4772
659 4878
660 696
660 777
660 892
660 1041
660 1163
662 822
662 942
662 1104
662 1154
662 4540
663 864
663 898
663 3839
664 876
665 3292
665 4316
665 4470
666 4456
666 4567
666 4891
667 968
667 1197
667 4546
668 713
668 3271
672 1137
673 887
673 1048
673 1173
673 3474
673 3727
674 1018
674 1042
674 4618
675 748
675 4482
676 694
677 3610
677 4122
678 680
678 1180
678 3601
678 4799
679 770
679 913
679 3969
681 885
681 1037
681 1144
681 3903
685 1768
686 3118
686 3847
686 2902
687 3788
688 899
688 3669
689 4364
690 1175
692 4260
692 4726
693 3200
694 924
694 3360
694 3702
694 4084
694 4241
694 4247
695 3445
696 777
696 879
696 935
696 3247
696 3936
696 4463
696 2028
697 4918
698 1125
699 3346
699 4557
700 4882
703 897
703 4033
705 3133
706 3095
707 1097
707 3260
708 1214
709 4685
710 1105
710 3792
711 3365
712 3451
713 1080
714 973
714 4231
716 3735
716 3884
716 4247
716 4983
718 3747
719 3431
719 4112
719 4378
720 4712
721 751
721 895
721 1052
721 1152
722 792
722 1019
722 3118
724 1146
724 4835
725 4223
726 866
726 3585
726 3753
726 3835
726 4967
727 890
727 1202
727 3745
727 4322
727 4514
728 801
731 3049
732 4664
733 967
733 4376
736 4398
737 996
738 925
740 763
743 1062
743 1071
744 3909
745 4140
745 4768
745 4851
746 821
746 982
746 1026
747 3674
747 4946
749 3054
750 1164
751 4009
751 4410
752 1017
752 4171
752 1887
753 1067
753 4186
754 1020
754 3540
754 3732
754 4588
755 1038
755 3399
756 3617
757 1088
758 854
758 896
758 1010
758 3517
758 4318
759 4684
760 1128
760 1160
760 3364
761 796
761 1064
763 1065
763 3171
764 4530
765 813
765 4128
766 789
766 3341
766 4097
766 4878
768 928
770 3902
770 4938
771 4384
772 2415
773 1199
774 831
774 855
776 1021
776 3248
777 3392
777 4956
778 4023
778 4439
779 1213
779 3337
780 1186
780 4162
781 4126
782 4980
783 3436
784 785
784 3030
786 904
786 915
786 1050
786 4282
787 3435
788 1135
788 3831
788 4090
789 937
791 920
792 3323
793 1040
793 3200
793 3747
793 4092
794 1072
794 3693
795 3300
795 3496
796 820
796 984
798 938
798 1144
798 1164
799 815
800 3216
802 4097
803 3335
803 3585
804 928
805 3154
805 4534
806 1174
807 3056
807 4478
808 1162
808 3117
809 4717
812 853
812 893
812 919
813 4564
814 989
814 3123
814 4726
815 3694
817 1033
817 4792
818 1127
818 4212
820 4441
822 4431
823 3078
824 4199
825 3271
827 1153
827 1221
827 4714
827 2266
828 4132
830 3567
830 4232
830 4942
831 4710
833 1056
833 1119
833 1140
834 894
838 4336
839 3681
839 4003
840 1093
840 3550
840 4397
841 4003
842 3571
842 4786
843 3563
843 3982
844 4373
844 1642
845 4069
845 4601
847 1192
847 3589
847 3679
848 4409
849 4852
850 896
851 972
851 1170
851 4188
852 954
852 3164
853 3343
854 4781
857 1239
858 991
858 1118
858 4687
859 1191
859 4055
859 4131
860 3527
861 3311
863 3386
865 3531
865 4692
866 908
866 4185
867 3406
868 3969
869 3024
870 3151
870 3487
870 4755
873 949
874 1050
874 3714
874 4541
875 4901
877 3000
878 4817
880 4642
882 4564
883 1045
883 3520
883 4282
884 1151
884 4819
886 3668
888 3785
888 3859
888 4001
889 3996
892 1054
892 3070
895 943
896 1039
897 4992
899 3739
899 4877
900 3085
901 3094
902 1040
903 3214
903 4387
904 4755
906 912
907 958
907 1140
907 1218
907 3429
907 3524
908 4704
909 3399
909 4339
909 4654
910 4169
911 3838
912 4983
912 2735
913 1079
913 3356
913 3521
915 1074
915 3614
916 3548
916 4099
917 1052
918 4978
919 3287
919 4524
920 3110
920 3700
920 3719
921 4984
922 1132
923 1096
924 3613
925 3877
925 4221
926 3387
926 4235
927 933
927 1078
927 4006
928 992
928 4043
929 977
929 3148
929 3724
930 1120
931 3456
931 3901
931 4873
932 1246
932 4193
932 4735
933 4432
934 4143
937 1171
939 3979
939 4679
943 4306
944 4453
945 3095
945 4764
947 3079
948 3809
948 3910
949 3775
950 3148
952 3837
952 4512
953 1026
953 1167
954 959
954 1089
954 3719
955 3587
955 4456
956 4481
957 4421
958 4686
960 1249
960 3238
961 3391
963 3035
964 981
964 3014
965 1148
966 3688
967 1194
967 3767
967 4506
968 3669
969 3402
970 4038
970 4227
970 4927
971 1033
972 3679
972 4066
972 4350
973 1183
973 3901
974 1179
977 3015
977 4529
979 1233
980 3423
981 1198
981 4972
982 3566
984 1209
984 3048
984 4363
985 1185
986 3648
987 4393
988 3220
988 3465
991 4052
991 4356
993 1123
993 1203
995 3147
997 3081
998 3657
1000 2279
1002 3474
1005 4312
1006 1012
1007 1075
1007 3577
1007 4488
1009 3616
1009 3645
1010 3183
1010 4396
1011 4630
1012 4862
1012 1866
1013 1087
1013 1248
1013 4619
1015 1148
1015 4075
1016 1241
1018 3711
1018 3941
1018 4474
1018 4525
1020 1042
1020 1142
1020 4837
1021 1117
1021 4485
1024 3421
1024 3922
1024 4053
1026 3526
1028 4328
1029 1194
1029 3048
1029 4098
1029 4400
1031 1100
1032 4246
1032 4972
1033 4329
1033 4534
1034 1159
1034 1249
1035 4899
1036 3191
1036 4400
1037 4620
1039 3338
1040 1176
1042 3174
1042 4261
1043 1084
1043 4972
1044 1166
1044 3308
1044 4380
1044 4589
1045 1176
1045 1212
1045 3933
1045 4982
1049 3034
1049 3101
1049 4027
1050 3199
1052 1057
1053 3212
1055 3080
1055 3290
1056 1129
1056 1231
1056 3605
1057 1172
1057 3178
1060 4796
1061 1097
1061 3685
1061 4701
1062 3122
1062 3383
1064 1105
1064 1220
1064 3151
1064 4364
1065 1170
1065 4538
1066 4591
1067 4409
1067 4453
1069 3544
1069 4103
1069 4373
1070 4036
1070 4179
1072 3076
1072 3541
1072 4028
1074 4103
1074 4900
1075 1186
1075 1247
1075 3220
1077 3835
1077 3841
1078 1092
1079 3750
1079 4063
1079 4342
1079 4919
1080 3303
1081 3467
1081 3520
1081 3550
1082 4671
1083 3215
1083 3998
1083 4381
1083 4489
1085 3196
1085 4690
1087 3428
1087 4722
1089 1225
1089 3732
1090 3172
1090 3403
1090 4805
1093 1201
1093 4620
1093 4709
1094 1109
1095 3767
1097 1237
1097 3801
1098 3275
1098 4500
1102 3149
1102 3275
1102 4579
1103 3606
1104 3923
1105 3271
1107 4080
1107 4233
1107 4402
1108 4277
1108 4413
1109 3057
1110 3062
1110 4652
1111 3439
1114 1247
1116 3890
1117 3403
1117 4612
1118 4472
1118 4681
1120 1202
1120 3101
1121 4932
1123 3037
1124 3967
1125 4519
1126 3004
1126 4206
1126 4725
1127 3553
1127 4762
1128 3838
1128 4038
1129 3151
1130 3339
1130 4277
1130 4609
1133 3736
1133 3875
1135 3439
1135 3635
1135 3839
1136 4524
1138 3864
1139 3490
1140 3256
1140 4905
1141 3705
1141 3966
1141 4839
1143 3028
1144 1205
1144 3803
1146 3854
1147 4407
1149 1210
1150 1197
1151 3315
1151 1817
1152 1155
1152 3150
1152 4017
1153 3742
1153 4221
1154 1178
1154 4359
1154 4867
1155 3097
1156 4830
1157 3747
1158 4623
1159 4330
1161 3622
1163 3352
1166 4692
1168 4104
1169 4006
1170 4064
1170 4118
1173 3410
1174 1188
1174 4947
1175 3570
1175 3968
1176 4394
1177 1236
1177 1244
1177 3134
1177 3965
1177 3978
1179 4056
1180 3727
1180 4752
1181 3058
1182 3064
1182 3127
1183 3869
1183 4354
1184 3443
1184 4277
1185 3202
1186 3759
1187 4758
1188 4435
1188 4613
1188 4722
1189 3065
1189 4989
1191 3230
1191 3866
1192 4035
1193 3365
1193 4532
1194 3170
1195 3982
1195 4224
1196 3348
1196 4014
1197 4283
1198 3617
1199 3817
1199 3910
1199 4916
1200 4745
1200 4761
1201 3479
1201 3954
1201 4250
1201 4840
1202 3636
1202 3652
1203 1223
1203 4401
1203 4788
1204 3745
1205 4177
1206 3564
1207 2482
1208 3147
1209 4429
1209 4579
1211 4536
1211 4623
1211 4661
1214 3741
1216 3703
1217 3418
1218 3122
1219 3594
1219 4676
1219 4921
1219 4964
1220 3750
1221 4982
1222 4907
1224 4474
1227 3519
1227 3704
1229 3426
1229 3984
1230 3762
1231 3247
1231 4255
1231 4998
1232 3828
1232 4638
1233 3007
1233 4436
1233 4679
1234 4106
1236 4833
1237 3693
1238 4292
1240 3710
1242 3085
1242 3624
1242 3941
1242 4381
1243 4226
1245 3082
1246 3213
1246 3603
1247 4567
1248 3930
1249 4738
1250 4309
1250 4931
1251 3228
1251 4099
1251 4426
1252 3051
1252 4115
1252 4281
1252 4480
1253 4518
1253 3126
1253 4457
1254 3563
1254 4950
1255 3501
1255 4075
1255 4240
1255 4837
1256 3457
1256 3569
1257 3285
1257 3592
1257 4520
1258 4508
1258 4772
1258 4977
1259 3209
1259 3955
1259 4753
1259 4765
1260 4385
1260 3106
1260 3467
1260 3815
1261 4516
1262 4827
1263 4116
1263 3513
1263 3717
1263 3728
1263 3850
1263 4275
1264 3178
1265 4209
1265 4681
1266 3864
1266 3345
1266 4120
1266 4264
1267 3065
1267 4136
1267 4668
1268 3061
1268 3486
1268 3721
1268 4665
1269 3191
1269 3757
1269 3997
1269 4120
1269 4280
1269 4814
1269 4857
1270 3447
1271 3476
1271 3909
1272 4034
1273 4232
1273 3519
1273 4214
1273 4474
1273 4908
1274 3054
1274 3730
1274 4171
1274 4342
1275 4149
1275 3828
1275 4212
1275 4241
1275 4581
1275 4891
1276 3407
1276 4837
1277 4466
1278 4330
1278 3500
1278 4180
1278 4768
1279 4436
1280 4116
1281 3859
1281 3668
1281 1412
1282 3451
1282 3606
1282 3728
1282 3773
1283 3919
1283 3121
1283 3140
1283 3691
1283 4097
1284 4206
1284 3386
1284 3731
1284 4179
1285 3569
1285 3734
1286 4657
1286 4771
1286 4928
1287 4780
1287 3035
1288 3013
1288 3107
1288 3408
1289 4554
1289 4382
1289 4791
1290 4650
1290 4424
1290 4806
1291 3326
1291 3135
1291 4494
1291 4607
1291 4663
1291 1379
1292 4429
1293 3865
1294 3696
1294 3567
1294 4352
1294 4432
1294 4794
1295 3569
1296 3318
1296 3593
1296 3937
1297 3440
1297 3335
1298 4378
1298 4276
1299 3418
1300 3379
1300 3921
1301 4556
1302 3396
1302 4525
1302 4702
1303 4470
1303 3221
1303 3250
1303 3823
1303 4390
1304 4408
1304 3089
1304 3392
1304 4157
1305 4083
1305 3875
1306 3177
1306 4654
1307 4881
1307 3095
1307 4413
1308 3511
1308 3294
1309 4550
1309 3951
1309 4633
1309 4884
1310 3322
1310 3796
1310 4224
1310 4363
1310 4392
1311 4200
1312 4481
1312 3301
1312 4644
1313 3787
1313 3203
1313 4007
1313 4335
1313 4503
1314 3284
1314 3405
1314 3576
1314 3753
1315 3187
1315 3603
1316 3933
1316 3211
1316 4010
1316 4030
1316 4460
1317 4185
1317 3771
1317 4637
1318 3326
1318 3609
1318 4493
1319 3953
1319 3713
1320 3413
1320 4369
1321 4556
1321 3206
1321 4559
1322 4138
1322 4245
1322 4707
1323 4857
1323 4930
1324 4494
1324 3166
1324 3482
1325 3666
1325 3158
1325 3895
1326 4516
1326 3479
1326 3486
1326 4597
1326 4799
1327 4455
1327 3046
1327 4421
1327 4766
1327 2080
1328 3858
1328 3100
1329 4093
1329 3370
1329 4602
1330 3292
1330 3661
1330 4833
1330 4850
1331 3700
1331 4182
1332 4002
1332 3369
1332 4327
1333 3669
1334 4893
1334 3293
1335 4554
1335 3161
1335 4023
1336 4105
1336 3193
1336 3447
1337 3899
1337 3764
1337 4358
1337 4568
1338 4328
1339 3229
1339 3056
1339 3137
1339 3160
1339 4290
1340 3938
1340 3148
1340 3613
1340 3904
1340 4240
1341 3131
1341 3935
1341 4538
1342 4292
1342 3351
1342 3369
1342 3571
1343 4643
1343 3295
1343 3688
1343 4781
1343 4857
1343 4956
1344 4096
1344 4094
1344 4242
1344 4258
1344 4889
1345 3271
1345 3767
1345 4970
1346 3864
1346 3634
1347 4288
1347 3115
1347 3169
1348 3870
1348 4480
1348 4803
1348 4806
1349 3696
1349 3340
1349 3611
1349 3716
1349 4093
1349 4802
1349 4978
1350 4620
1350 4332
1350 4605
1351 4879
1351 4515
1351 4655
1352 3585
1352 4848
1352 2574
1353 4084
1353 3325
1353 3340
1353 3459
1353 4359
1353 4638
1353 4916
1354 3571
1354 3352
1355 4010
1355 3398
1355 3658
1356 4076
1356 3076
1356 4108
1357 4754
1357 3008
1357 3462
1357 4255
1358 4635
1359 4482
1359 3090
1359 3789
1359 3996
1359 4507
1359 4735
1360 3898
1360 4742
1361 3566
1361 4164
1361 4519
1361 4908
1361 4940
1362 3899
1362 4208
1362 2410
1363 3476
1363 3272
1363 3560
1363 4232
1364 3372
1364 3756
1364 4403
1365 3192
1365 3617
1365 4422
1365 4626
1365 2893
1366 3449
1366 4697
1367 3626
1367 3197
1368 3655
1368 3563
1368 3647
1368 4204
1368 4636
1368 4753
1369 4729
1369 4394
1370 3260
1370 3712
1370 4875
1371 4576
1371 3474
1371 4044
1371 4055
1371 4432
1372 4563
1372 3309
1372 4288
1373 4917
1373 3574
1373 3724
1373 4182
1374 4029
1374 3629
1374 4375
1374 4551
1375 3047
1376 3469
1376 3548
1376 4343
1376 4543
1377 4092
1377 3416
1377 3522
1377 4300
1378 4393
1378 3118
1378 3959
1379 3456
1379 3156
1379 3839
1379 4081
1379 4889
1380 4202
1380 3573
1380 4227
1380 4689
1381 4780
1382 3647
1382 3239
1382 4352
1383 4858
1383 4780
1384 3013
1384 3011
1384 3256
1384 4628
1385 4078
1385 4201
1386 3379
1387 3731
1387 3207
1387 3607
1387 3934
1387 4576
1388 4093
1388 3132
1388 3141
1388 4180
1388 4477
1388 2165
1389 3435
1389 3720
1390 4222
1390 4135
1391 4093
1391 3575
1391 3880
1391 4259
1392 3814
1393 3626
1394 4531
1395 3661
1395 4125
1395 4170
1395 4737
1396 3002
1397 4327
1398 3228
1398 4437
1399 3079
1399 3308
1399 3571
1399 3661
1399 4178
1400 3458
1400 3355
1400 3807
1400 4492
1401 4486
1401 3232
1401 3262
1401 3264
1401 3889
1401 4496
1402 4259
1402 3714
1402 3768
1402 4310
1403 3980
1403 3198
1403 4299
1403 4351
1403 4499
1403 4843
1403 4913
1404 3237
1404 4068
1405 3986
1405 3791
1406 3322
1407 3350
1407 3216
1407 3777
1407 3843
1407 4229
1408 4990
1408 3041
1409 3283
1409 3547
1409 4116
1409 4252
1409 4467
1410 3515
1410 3787
1410 4569
1411 3525
1411 3182
1411 3280
1411 3448
1411 3653
1411 3745
1411 4193
1411 4557
1411 4921
1412 4946
1412 3106
1413 3676
1413 3186
1414 4085
1414 3584
1415 3525
1415 3751
1415 4749
1416 4733
1416 3018
1416 3294
1417 3867
1417 3093
1417 3544
1417 4528
1418 3823
1418 3808
1418 4106
1418 4189
1419 4276
1419 3180
1419 3759
1419 4006
1420 4634
1421 4529
1421 3082
1421 4192
1422 4794
1422 4152
1422 4349
1423 4729
1423 3024
1423 3831
1423 3977
1423 4295
1424 4849
1424 3899
1425 3495
1425 3130
1425 3804
1425 3923
1425 4546
1426 4015
1426 3255
1426 4205
1426 4262
1427 3920
1427 3509
1427 4144
1428 3262
1428 3819
1428 4032
1428 4576
1429 4384
1429 3235
1429 4375
1429 4521
1430 3086
1430 4760
1430 4924
1431 3942
1431 4470
1432 3902
1432 4126
1432 4620
1432 4726
1432 4838
1433 3029
1433 3475
1433 3824
1434 3290
1434 3336
1434 4422
1434 4842
1435 3241
1435 4322
1435 4653
1436 3937
1436 3558
1436 4113
1436 4329
1436 4533
1436 4932
1437 3276
1437 3087
1437 3814
1438 3128
1438 4355
1439 4353
1439 3655
1440 3290
1440 3825
1440 4070
1440 4077
1440 4290
1440 4500
1440 4863
1441 4010
1441 3032
1441 3285
1441 3753
1441 4104
1442 3974
1443 4140
1443 3012
1443 4339
1444 4988
1444 4114
1444 4855
1445 3877
1445 3510
1445 3763
1445 4053
1445 4296
1445 4900
1446 3541
1446 4515
1447 4936
1447 3738
1448 3995
1448 3324
1448 3362
1448 4525
1448 4545
1449 4937
1449 3931
1449 4720
1449 4948
1450 4667
1450 3789
1451 3779
1451 3683
1451 3910
1451 4613
1452 3386
1452 3096
1453 3397
1453 4094
1454 4765
1454 4849
1455 4451
1455 3463
1455 3465
1455 4145
1455 4399
1455 4589
1456 4734
1456 3608
1456 4440
1456 4591
1456 4816
1457 4683
1457 3043
1457 4486
1457 4507
1457 4844
1458 4912
1458 3960
1458 4340
1459 3221
1459 3818
1459 4026
1459 4128
1459 4681
1460 3403
1460 3079
1460 3186
1460 4236
1460 4777
1460 4928
1461 3248
1461 3823
1461 4128
1462 4649
1462 3144
1462 4285
1462 4877
1462 4986
1463 4389
1463 4465
1464 3447
1464 3922
1464 4496
1464 4821
1465 4018
1466 3784
1466 3909
1466 4314
1466 4589
1467 3779
1467 3320
1467 4825
1467 4956
1468 3541
1468 3814
1469 4837
1469 3488
1469 3738
1469 3848
1469 4961
1470 3574
1470 3346
1470 4968
1470 2906
1471 4728
1471 4479
1471 4688
1471 4804
1472 3751
1473 4140
1473 3456
1473 3899
1473 3939
1473 4313
1474 4894
1474 3388
1475 4023
1475 3407
1476 3308
1476 4839
1477 4815
1477 3112
1477 3119
1477 4435
1478 3401
1479 3207
1479 3548
1480 3447
1480 3496
1480 4167
1480 4585
1481 3060
1481 3602
1481 4017
1481 4873
1481 4887
1482 3382
1482 3221
1483 3968
1483 3870
1483 3964
1483 3970
1483 4018
1483 4824
1483 4866
1483 4948
1484 3681
1485 4664
1485 3936
1486 4989
1486 4238
1486 4529
1487 4971
1487 3924
1487 4206
1487 4807
1487 4855
1488 3875
1488 3555
1489 4642
1489 3981
1490 3240
1490 3529
1490 3670
1490 4033
1491 3674
1491 3225
1491 3979
1491 4223
1491 4734
1491 4823
1492 4552
1492 3523
1492 3587
1493 3008
1493 3361
1493 4926
1494 4599
1494 4212
1494 4254
1495 4086
1495 4322
1495 4739
1495 2578
1496 4863
1496 4122
1496 4564
1497 4168
1497 4317
1497 4963
1498 4732
1498 3247
1498 4342
1499 4993
1499 3114
1499 3441
1500 3634
1500 3322
1500 4358
1501 3777
1501 3231
1502 4215
1502 4146
1502 4796
1502 4972
1503 3891
1503 4643
1503 4809
1504 3239
1504 3171
1504 3273
1504 4097
1505 3574
1505 3081
1506 3249
1506 3262
1506 3283
1507 4284
1508 3234
1508 3207
1508 4568
1509 3205
1509 4057
1509 4220
1510 4952
1510 3590
1510 4455
1511 4550
1511 3028
1512 3495
1512 3267
1512 4721
1512 4985
1513 3644
1513 3361
1513 4355
1514 3232
1514 3023
1514 3271
1514 4776
1515 3292
1515 3254
1515 4761
1516 3328
1517 3761
1517 3317
1517 4089
1517 4302
1517 4345
1517 4428
1517 4886
1518 3280
1518 3049
1518 4793
1519 3278
1520 3963
1520 3561
1520 4101
1520 4124
1520 4172
1520 4666
1521 4653
1521 3818
1521 4058
1521 4117
1521 4874
1522 3491
1522 3586
1522 4133
1523 4008
1523 3147
1523 3532
1523 4297
1523 4995
1524 3162
1524 3347
1524 3492
1524 3650
1524 3978
1524 4786
1525 3335
1525 4614
1525 4976
1526 4717
1526 3156
1527 4093
1527 3231
1527 3578
1527 3849
1527 4053
1527 4630
1528 4295
1528 3857
1528 4311
1529 4068
1529 3998
1529 4442
1530 3836
1530 3370
1530 4130
1530 4820
1531 4286
1531 3040
1531 3099
1531 3217
1531 3456
1531 3467
1531 3718
1531 4213
1531 4377
1531 4744
1532 3977
1532 3417
1532 3985
1532 4996
1533 4087
1533 3075
1533 4858
1533 2110
1534 4621
1534 3103
1534 3248
1534 3836
1535 3536
1535 3884
1535 4041
1536 4228
1536 3375
1536 3617
1536 3708
1536 3785
1536 4145
1536 4150
1536 4341
1536 4701
1537 4872
1537 3511
1537 3993
1537 4958
1538 4295
1538 3324
1538 4466
1539 3297
1539 3019
1539 3983
1540 3038
1540 3925
1540 4434
1541 4877
1541 4064
1541 4288
1541 4416
1542 3409
1542 3203
1542 4134
1543 3300
1543 3625
1543 4747
1544 3386
1544 3124
1544 3314
1544 4599
1545 3873
1545 3366
1545 3645
1545 3774
1546 4138
1547 4086
1548 3542
1548 3690
1548 3838
1549 4429
1549 3099
1549 3446
1549 4059
1550 3281
1551 4000
1551 3085
1551 4563
1552 4513
1552 3403
1552 4433
1552 4572
1553 4167
1553 4329
1553 4586
1554 3646
1554 3739
1554 4369
1554 4905
1555 4794
1555 3374
1555 3639
1555 4841
1556 4023
1556 3109
1556 3552
1556 4586
1557 4239
1557 3017
1557 4244
1557 4695
1558 4733
1558 3920
1558 4275
1558 4743
1559 3032
1559 3721
1559 4543
1560 4653
1560 3410
1560 4141
1561 4226
1562 3424
1562 3695
1562 4191
1563 3550
1563 3274
1563 3533
1563 4812
1564 4083
1564 3212
1564 4518
1565 3472
1565 3050
1565 3288
1565 3809
1565 3811
1565 3887
1566 3438
1567 3328
1567 3040
1567 3600
1568 3636
1568 4195
1568 4313
1569 4115
1570 4154
1571 3862
1571 4506
1571 4909
1572 4404
1572 3242
1572 4234
1572 4323
1572 4443
1573 3833
1573 3310
1573 3468
1573 4098
1574 4081
1574 4758
1575 3413
1575 3003
1575 4103
1575 4627
1576 3228
1576 3332
1576 4398
1576 4876
1577 4028
1577 3202
1577 3328
1577 3525
1577 3943
1578 3208
1578 3083
1578 4832
1579 3378
1579 4498
1580 4734
1581 4133
1581 3073
1581 3276
1582 3180
1582 3051
1582 3377
1582 3497
1582 3778
1583 3014
1583 4491
1583 4656
1584 4366
1584 4650
1585 3535
1585 4215
1586 4072
1586 3552
1586 3940
1586 4138
1586 4314
1586 4957
1587 3661
1587 3275
1587 4505
1587 4789
1588 4809
1588 4108
1588 4912
1589 3205
1589 3054
1589 4040
1590 4751
1590 3902
1590 4483
1591 4086
1591 3191
1591 3991
1591 4219
1591 4233
1591 4873
1592 3039
1592 3839
1592 4006
1592 4566
1592 4779
1593 3458
1593 4469
1594 3308
1594 3706
1594 4012
1594 4048
1594 4360
1595 3610
1595 3287
1595 4756
1596 3681
1596 3708
1596 4796
1597 3147
1597 3834
1597 3835
1598 4512
1598 4497
1598 4717
1599 3644
1599 3399
1599 4526
1599 4860
1600 3606
1600 3289
1600 3758
1601 4760
1602 3522
1602 4598
1603 3171
1603 3233
1603 3973
1603 4176
1603 4365
1604 4262
1604 3422
1604 3990
1604 4565
1604 4667
1605 4493
1605 4408
1605 4633
1605 4984
1606 3163
1606 3244
1606 4335
1606 4447
1607 4465
1607 3942
1607 4850
1608 3860
1608 3151
1608 3480
1608 3631
1609 4022
1609 3505
1609 4211
1609 4420
1609 4452
1610 3421
1610 3481
1610 4409
1611 4448
1612 3300
1612 4751
1612 4982
1613 4664
1613 3861
1613 4430
1613 4456
1613 4647
1614 3633
1615 3969
1615 3588
1616 3665
1616 4244
1617 3725
1617 3737
1617 3771
1617 4256
1618 4688
1618 3577
1618 3873
1618 4390
1619 3101
1619 3036
1619 3184
1619 4748
1620 3734
1620 3051
1620 4719
1621 4360
1621 4881
1622 4686
1622 3270
1622 4461
1623 4016
1623 3155
1624 4092
1624 3981
1624 4724
1624 4865
1625 3652
1626 3442
1626 3641
1626 3710
1627 4566
1627 3948
1628 3158
1628 3511
1628 4535
1629 4927
1630 3911
1630 3801
1630 3987
1630 1739
1631 3817
1631 3222
1631 3484
1631 3500
1631 3948
1632 4885
1632 3176
1632 3962
1632 4537
1633 4432
1633 3129
1633 3819
1633 3993
1633 4367
1634 4250
1634 4620
1634 4963
1635 3932
1635 3662
1635 4417
1635 4694
1635 4789
1636 3913
1636 3601
1636 4162
1637 3096
1638 3791
1638 3331
1638 4709
1639 4632
1639 3669
1639 4509
1640 4344
1640 3407
1640 3657
1640 4771
1640 4967
1641 4141
1641 3167
1642 3284
1643 4143
1643 3039
1643 3430
1643 3740
1644 4438
1644 3495
1644 4567
1644 4634
1645 4105
1645 3504
1646 4637
1647 3541
1647 3066
1648 4356
1648 3353
1648 4738
1649 3113
1649 3998
1650 3472
1650 3847
1650 4272
1651 4069
1651 3695
1651 4962
1652 3731
1652 3281
1653 3158
1653 3963
1654 4087
1654 3952
1654 4353
1655 3156
1655 4345
1656 3444
1656 4826
1657 4779
1657 3366
1657 4639
1658 4415
1658 3074
1658 3161
1658 3471
1658 4378
1658 4524
1658 4767
1659 4284
1659 3230
1659 3871
1659 4827
1660 4787
1660 4265
1660 4744
1661 4096
1661 3247
1661 3860
1661 4635
1662 3473
1662 3159
1662 4427
1663 4577
1663 3452
1663 4571
1663 4830
1664 4448
1664 3550
1664 4100
1665 3778
1665 4310
1666 4043
1666 3652
1666 3686
1666 4194
1667 3181
1667 3312
1667 3411
1668 4786
1668 3674
1669 3006
1670 3456
1670 3556
1670 4160
1670 4285
1670 4508
1670 4812
1671 4451
1671 3956
1672 3807
1672 3607
1673 4491
1673 3928
1673 4042
1673 4043
1673 4526
1673 4660
1673 4936
1674 4766
1674 3418
1674 3435
1674 3773
1675 3286
1675 4319
1675 4834
1676 4352
1677 4285
1677 3666
1678 3510
1678 4755
1679 4230
1679 3877
1679 4035
1679 4475
1680 4455
1681 4266
1681 3298
1682 4672
1682 3765
1682 4621
1682 4793
1683 4336
1683 3668
1683 4085
1683 4566
1684 4648
1685 4211
1686 3963
1686 4140
1687 3521
1687 4115
1688 3785
1688 3037
1688 3452
1688 4658
1688 2475
1689 4722
1689 3228
1689 3956
1689 4366
1690 4552
1690 3338
1690 4327
1691 3712
1691 3108
1691 4181
1691 4965
1692 4133
1693 4232
1694 4663
1694 3615
1694 3665
1694 4144
1695 4599
1696 3001
1696 3570
1696 4083
1696 4676
1697 4244
1697 3540
1697 3722
1697 4025
1698 4175
1698 3532
1698 4392
1698 4424
1699 3860
1699 4404
1700 4760
1701 3652
1701 4009
1702 4319
1702 3531
1702 3627
1702 3915
1702 4463
1703 4904
1703 3689
1703 4658
1704 4809
1704 3087
1704 3911
1704 4950
1705 4811
1705 4344
1705 4711
1705 4727
1706 3875
1706 3591
1706 4917
1706 4941
1707 4643
1707 4256
1707 4450
1707 4728
1708 4938
1708 4669
1708 4896
1709 3695
1709 3094
1709 3246
1709 4248
1709 4792
1710 3347
1710 3432
1710 4011
1711 4162
1711 3277
1711 3644
1711 4490
1711 4659
1712 3566
1712 3461
1712 3748
1713 4372
1713 3039
1713 4118
1713 4541
1713 4774
1714 3382
1715 3962
1715 4550
1716 4271
1716 3397
1716 4613
1717 3920
1717 3799
1717 4238
1717 4791
1718 3815
1718 4125
1719 3603
1720 3100
1720 3598
1720 3764
1721 3189
1721 3696
1722 4002
1723 4946
1723 3719
1723 4846
1724 3298
1724 3946
1724 4291
1725 4865
1725 3477
1725 3790
1726 4697
1726 3462
1726 4398
1726 4423
1727 4465
1727 4277
1728 3796
1728 4309
1729 4572
1729 3062
1729 3614
1729 3619
1729 4112
1730 3054
1730 4836
1731 4636
1731 4920
1732 3999
1732 3092
1732 3515
1732 4556
1733 3604
1733 3208
1733 3522
1734 3022
1734 3249
1734 4302
1734 4409
1735 3436
1735 3624
1735 4035
1736 4741
1736 3058
1736 3113
1736 4514
1736 4604
1737 3896
1737 4286
1737 4468
1738 3720
1738 3115
1738 3980
1738 4204
1739 4576
1739 3063
1740 4902
1740 3458
1740 3675
1740 4166
1741 3205
1742 4087
1742 3127
1742 3606
1742 3779
1742 4696
1743 4020
1743 3142
1743 3338
1743 3643
1743 3740
1743 4168
1743 4400
1743 4915
1744 3497
1745 4869
1745 3123
1745 3321
1745 3885
1745 4645
1746 3546
1746 3405
1746 3459
1746 3672
1746 3866
1746 4268
1747 4903
1747 3651
1747 3832
1748 3495
1748 3747
1749 3297
1749 3941
1750 3785
1750 4205
1750 4241
1751 4299
1751 3305
1751 3612
1752 4812
1752 4274
1753 4185
1753 3698
1753 4371
1754 4747
1754 3430
1754 3806
1755 4599
1755 3844
1756 4826
1756 3541
1756 3598
1756 4029
1756 4061
1757 3651
1757 3000
1757 3323
1757 4151
1757 4399
1758 4944
1758 3327
1758 3513
1758 3900
1758 4153
1758 4249
1758 4330
1758 4992
1759 4843
1759 4774
1759 4902
1760 4061
1760 4380
1760 4636
1761 4012
1761 3220
1761 4058
1761 4338
1761 4476
1762 4135
1762 3076
1762 4105
1763 4078
1763 3280
1764 4984
1765 3979
1765 3844
1766 4124
1766 3014
1766 3742
1766 4669
1766 4676
1767 4801
1767 3886
1767 4810
1768 3317
1768 3165
1769 4170
1769 3139
1770 3960
1770 4961
1771 4112
1771 3568
1772 4375
1772 3651
1772 4235
1773 4309
1773 4800
1774 4649
1774 3107
1774 4845
1775 3330
1775 3450
1775 4478
1776 3566
1776 3499
1777 3617
1777 3701
1778 3947
1778 4574
1779 4568
1779 3910
1779 4651
1779 4722
1780 3625
1780 4219
1780 4350
1781 3876
1781 4704
1782 3263
1782 4334
1783 4699
1783 3226
1783 4731
1784 4669
1784 3514
1784 3691
1784 4303
1784 4495
1784 4692
1785 4355
1785 3520
1785 3680
1785 4890
1786 3751
1786 3225
1786 4181
1787 4908
1787 3965
1787 2851
1788 4703
1788 4031
1788 4227
1788 4828
1789 3255
1789 4539
1789 4540
1790 3847
1790 4594
1790 4847
1791 4720
1791 3348
1791 3428
1792 4595
1792 3297
1792 4321
1792 4533
1793 3284
1793 3394
1793 4475
1793 4512
1794 3080
1795 3860
1795 4401
1796 4558
1796 3179
1796 3516
1797 4953
1797 3322
1797 3743
1797 4051
1798 3024
1798 3808
1798 4019
1799 4440
1799 3658
1799 3837
1799 4086
1799 4862
1800 4223
1800 3836
1800 4065
1800 4222
1800 4542
1800 4606
1801 4597
1801 4617
1801 4661
1802 4716
1802 3817
1802 4818
1803 4765
1803 4389
1804 4989
1805 3100
1805 3454
1805 3767
1805 4251
1806 3903
1806 3455
1806 4309
1806 4868
1807 4999
1807 4226
1808 3898
1808 3084
1808 3494
1809 4117
1809 3171
1809 3797
1810 4785
1810 3440
1810 4754
1810 4992
1811 4989
1811 4103
1811 4640
1812 3118
1812 3196
1812 3282
1812 3732
1812 4010
1813 4592
1813 3628
1813 4367
1813 4673
1814 4376
1814 3600
1814 4598
1815 4656
1815 3840
1815 4579
1816 3676
1816 4690
1817 4914
1817 4056
1817 4151
1817 4691
1818 3522
1818 4192
1819 3024
1819 4072
1819 4916
1819 2617
1820 3276
1820 3220
1820 3957
1821 3110
1821 3431
1822 4613
1822 3358
1822 4376
1823 4766
1823 4289
1823 4368
1824 4226
1824 3769
1824 3868
1824 4610
1825 3111
1825 4046
1825 4394
1826 3343
1826 3341
1826 4513
1827 4755
1827 3070
1828 3555
1828 4260
1828 4686
1828 4824
1829 4891
1829 3005
1829 3677
1830 3744
1830 4087
1831 3205
1831 3014
1831 3279
1832 4065
1832 3489
1833 4552
1833 3060
1833 3082
1833 4156
1833 4654
1834 4340
1834 3229
1834 3473
1835 3866
1835 3168
1835 3344
1835 4592
1836 4862
1836 4184
1837 4338
1837 3100
1837 3576
1837 3733
1838 4382
1838 3472
1839 4552
1839 3440
1839 3447
1840 4139
1840 3113
1841 4726
1841 3355
1841 3434
1841 3992
1841 4012
1842 4033
1842 3485
1842 3618
1842 4050
1843 3335
1843 3303
1844 4926
1844 3240
1844 3325
1844 3446
1845 3079
1845 4782
1845 4851
1846 3221
1846 3125
1846 3863
1846 3878
1847 3213
1847 3829
1847 4265
1847 4303
1847 4527
1847 4953
1848 4433
1848 4009
1849 3918
1849 4049
1850 3281
1850 3159
1851 3164
1851 3185
1851 4719
1852 3127
1852 4732
1852 4994
1853 4012
1853 4455
1853 4494
1853 4521
1854 3816
1854 3502
1854 3530
1854 3694
1854 3805
1854 4372
1854 4832
1855 3083
1855 3041
1855 3188
1855 3922
1855 4163
1855 4704
1856 3080
1856 4847
1857 3624
1858 3977
1859 3517
1859 3307
1859 3433
1859 3976
1859 4029
1859 4514
1860 4939
1860 4781
1861 3468
1861 3432
1861 3487
1861 3593
1861 4687
1861 4694
1861 4741
1862 4653
1862 3380
1862 3778
1862 4130
1862 4333
1862 4557
1862 4999
1863 3892
1863 3385
1863 3841
1864 4904
1864 3241
1864 3640
1864 3749
1864 3934
1864 4716
1865 4049
1865 3628
1865 3644
1865 3858
1865 4614
1866 4510
1866 3114
1866 3837
1866 4815
1867 3687
1867 4159
1868 4636
1868 3304
1868 3517
1868 3625
1868 4102
1868 4441
1868 4677
1869 3896
1870 3469
1870 3284
1870 3667
1870 3885
1870 4609
1871 3670
1872 4274
1872 3275
1872 4267
1873 3442
1873 3849
1873 4324
1873 4935
1874 3734
1875 3105
1875 3980
1875 4110
1875 4671
1876 4277
1876 4779
1877 3860
1877 3188
1878 4537
1878 3524
1878 4453
1878 4729
1879 4624
1879 4284
1880 3812
1880 3390
1881 3311
1881 3334
1881 3566
1881 3680
1881 3815
1881 4320
1881 4530
1882 3286
1882 3036
1882 4420
1883 3024
1883 3064
1883 3256
1883 4209
1884 3994
1884 3025
1884 4193
1885 3417
1885 3020
1885 3162
1885 4201
1886 4235
1886 3528
1886 4261
1886 4610
1887 3695
1887 4628
1888 3495
1888 3926
1889 3636
1889 4776
1890 3168
1890 3314
1890 3330
1890 3687
1890 4853
1891 4422
1891 3967
1891 3979
1891 4129
1891 4752
1892 3902
1892 3409
1892 3421
1893 4754
1893 3219
1893 3861
1893 4316
1893 4891
1894 4517
1894 3772
1894 3994
1894 4149
1895 3282
1895 4304
1896 4138
1896 3162
1897 4397
1897 4747
1897 4925
1898 3051
1898 3813
1898 4172
1899 4720
1899 3263
1899 3437
1899 4446
1900 3285
1901 3432
1901 4308
1901 4410
1901 4462
1902 4775
1902 3095
1902 3377
1902 3637
1902 4495
1903 4483
1903 3315
1903 3320
1903 3621
1903 3862
1903 3933
1903 4391
1903 2335
1904 4012
1904 3237
1904 4469
1904 4574
1904 4700
1905 4883
1905 3686
1905 4251
1906 3626
1906 3624
1906 3858
1906 4914
1907 4783
1907 3185
1907 3473
1907 4617
1908 3721
1908 3676
1908 4388
1909 3731
1909 4060
1909 4249
1909 4769
1909 4988
1910 4106
1910 3276
1910 4442
1911 4375
1911 4086
1912 4765
1912 3512
1912 4048
1912 4431
1913 4980
1914 4904
1914 3827
1915 4784
1915 3419
1915 4691
1916 4352
1917 4099
1917 3867
1917 3963
1917 4579
1918 4320
1918 3795
1918 4307
1919 4005
1919 4196
1920 3354
1920 3329
1920 4074
1920 4262
1921 4142
1921 3187
1921 3376
1921 3508
1921 3553
1921 4328
1922 4846
1922 3027
1923 3998
1923 4860
1924 4903
1924 3853
1925 4366
1925 3011
1925 3517
1925 3696
1926 3297
1926 3464
1926 3652
1927 4552
1927 3496
1927 3944
1927 4836
1927 4915
1928 4377
1928 3387
1928 3762
1928 4466
1928 4508
1928 4603
1928 4730
1929 3117
1929 3170
1929 3783
1929 3907
1929 4357
1929 4426
1929 4942
1930 3054
1930 3147
1930 3851
1931 4331
1931 3667
1931 4750
1932 3744
1932 3017
1932 3371
1933 4997
1934 3868
1935 4453
1935 3010
1935 3854
1936 4058
1936 3098
1936 3489
1936 4224
1936 4280
1937 4394
1937 4473
1937 4725
1938 4145
1938 3381
1938 4689
1939 3712
1939 3047
1939 4441
1939 2633
1940 4131
1940 3501
1941 4717
1941 3291
1941 3701
1941 4088
1941 4608
1941 4785
1942 3041
1942 3007
1942 4501
1942 4897
1942 4968
1943 3449
1943 3149
1943 2919
1944 3782
1944 3175
1944 3364
1945 3350
1946 3988
1946 3313
1947 4664
1947 3792
1947 4429
1948 3228
1948 4938
1949 3162
1949 3037
1949 4951
1950 3984
1950 4497
1951 4950
1951 3423
1951 4745
1951 4787
1951 4865
1951 2179
1952 3282
1952 3927
1952 3938
1952 4710
1952 4993
1953 4385
1953 4092
1953 4121
1954 4835
1954 4387
1954 4547
1954 4593
1955 3070
1955 3266
1955 3572
1955 3634
1955 4650
1955 4775
1956 3381
1956 3142
1956 3444
1956 3920
1957 4205
1957 3316
1957 2617
1958 3907
1958 3278
1958 3599
1958 3788
1958 4903
1959 4656
1959 3449
1959 4278
1960 3996
1960 4216
1960 4468
1961 4254
1961 3238
1962 4885
1962 3587
1962 3971
1963 4511
1963 3926
1963 3930
1963 4031
1964 4938
1964 3438
1964 4675
1965 3761
1965 3089
1966 4849
1966 3020
1966 4649
1967 4408
1967 4477
1968 4742
1968 4038
1968 4045
1969 3239
1969 3192
1969 4139
1969 4148
1969 4485
1970 4354
1970 3971
1970 4415
1971 4441
1971 3148
1971 3707
1972 4858
1972 3127
1972 3194
1972 3339
1973 4109
1974 4255
1974 3824
1974 4366
1975 4029
1975 3424
1975 3743
1976 3944
1976 4407
1977 3494
1977 3902
1977 4727
1977 4951
1978 3788
1978 3799
1978 4331
1979 4292
1980 3489
1980 4450
1981 4988
1981 3140
1981 3168
1982 3758
1982 4396
1982 4861
1983 3784
1983 4080
1983 4318
1983 4830
1984 3886
1984 4412
1984 4715
1984 4883
1985 4983
1985 3679
1985 3996
1985 4384
1985 4788
1986 4132
1986 3521
1986 3681
1986 3896
1987 4448
1987 3816
1987 4231
1987 4852
1988 3228
1988 3131
1988 3813
1988 4105
1988 4519
1988 4638
1989 4663
1989 3251
1989 3843
1989 4171
1990 4159
1990 3245
1990 3546
1991 3411
1991 3034
1991 3210
1992 3795
1992 3035
1992 3354
1993 4213
1994 3931
1994 3200
1994 4939
1994 4946
1995 4478
1995 3004
1995 4243
1996 3734
1996 3057
1997 4238
1997 3870
1997 4437
1998 3057
1998 3365
1998 4175
1999 3276
1999 3349
1999 3350
1999 3962
1999 2615
2000 3518
2000 3209
2000 4797
2001 4123
2001 3218
2001 4021
2002 3186
2002 3178
2002 3530
2002 4129
2003 3223
2003 3067
2003 3172
2003 4234
2004 3328
2004 3387
2004 4269
2004 4640
2005 4196
2005 3252
2005 4073
2005 4264
2006 3517
2006 4537
2007 4653
2008 4385
2008 3318
2009 3420
2009 3214
2009 3655
2009 3687
2009 4536
2010 3050
2010 3078
2011 4760
2011 3214
2011 4106
2011 4220
2011 4731
2012 4164
2012 4293
2012 4347
2012 4607
2012 4645
2013 4922
2013 3004
2013 4253
2013 4864
2014 4960
2014 3138
2014 3363
2014 3723
2014 3745
2014 3982
2014 4768
2015 4804
2015 3092
2015 3535
2015 4438
2015 4625
2015 4955
2016 4395
2016 3581
2016 3916
2016 4684
2017 3755
2017 3094
2018 3210
2018 3800
2018 4067
2018 4486
2018 4498
2018 4799
2019 4034
2019 3583
2020 4956
2020 3640
2020 3867
2020 4282
2021 3467
2021 3026
2021 3050
2021 3421
2021 4674
2022 3267
2022 3659
2022 3755
2022 3889
2023 4641
2023 3583
2024 3178
2024 4453
2025 3303
2025 4484
2025 4919
2026 4664
2026 3597
2026 3754
2027 3555
2027 3443
2027 3697
2027 4882
2028 3219
2028 3403
2028 3803
2028 3809
2028 3852
2028 4809
2029 3621
2029 3677
2029 3835
2030 3611
2030 3636
2031 4794
2031 4536
2031 4740
2032 4244
2032 3071
2033 3348
2033 3582
2033 4131
2033 4364
2033 4383
2034 4016
2034 3210
2034 4126
2034 4243
2034 4376
2034 4594
2035 3485
2035 3514
2035 3986
2035 4765
2035 4777
2036 3536
2036 3326
2036 3783
2036 3999
2036 4148
2037 4704
2037 4989
2038 3604
2038 3828
2038 4905
2039 3712
2039 4869
2040 4699
2040 3093
2040 4167
2040 4481
2041 3924
2041 3013
2041 3175
2041 3356
2041 4655
2042 4222
2042 3138
2042 3224
2042 4173
2042 4552
2043 4558
2043 3005
2043 4535
2043 4986
2044 4845
2044 3830
2044 4577
2045 4813
2045 3650
2045 3968
2045 3984
2045 4389
2045 4406
2045 4706
2046 4217
2046 3781
2046 3954
2047 4787
2047 3812
2048 4756
2049 4250
2049 3136
2050 3378
2050 4197
2051 3284
2051 3916
2051 4458
2052 3246
2052 3022
2052 4163
2053 4903
2053 3969
2054 3406
2054 3378
2054 3589
2054 3869
2054 4063
2054 4305
2054 4516
2054 4964
2055 3851
2055 3336
2056 3118
2056 3362
2057 3864
2057 4298
2058 4083
2058 3443
2058 4362
2058 4558
2059 3070
2060 3332
2060 3567
2060 3850
2060 3950
2060 4439
2060 4603
2061 3643
2061 3091
2061 4109
2061 4331
2062 3982
2062 3674
2062 3744
2062 3794
2062 4642
2063 3711
2063 3483
2063 4578
2063 4680
2063 2597
2064 4952
2064 4083
2064 4531
2064 4993
2065 3307
2065 3163
2065 3218
2065 3257
2065 3777
2065 3862
2065 4183
2066 3641
2066 3317
2067 3010
2068 4673
2068 3906
2069 4845
2069 3173
2069 4867
2070 4672
2070 3351
2070 3509
2070 3892
2070 4346
2070 4866
2071 4924
2071 4258
2072 4192
2072 3368
2072 4602
2073 3133
2073 3613
2073 4188
2074 3948
2075 4180
2075 3350
2075 4070
2075 4599
2075 4919
2076 4158
2076 4630
2076 4763
2076 4790
2076 4929
2077 4859
2077 4699
2078 3291
2078 4336
2078 4705
2079 3307
2079 3947
2080 3956
2080 3506
2080 3525
2080 3754
2081 4083
2081 3199
2081 3307
2081 3746
2082 4785
2082 4316
2083 3778
2083 3469
2083 4622
2084 3907
2085 3810
2085 3822
2086 4741
2086 3639
2087 3470
2087 3006
2087 3577
2087 3882
2087 4002
2088 3447
2088 3260
2088 4509
2088 4662
2088 4745
2088 4960
2089 3920
2089 4276
2089 4831
2090 4775
2090 3412
2091 3610
2091 3056
2091 3259
2091 4593
2092 4088
2092 3730
2092 4055
2092 4888
2093 3582
2093 4142
2093 4373
2094 3292
2094 3717
2094 4929
2095 3244
2095 3410
2095 3648
2095 4292
2095 4996
2096 3679
2096 3463
2096 3627
2096 4742
2097 4259
2097 3688
2097 3829
2097 4483
2097 4548
2098 3521
2098 4066
2098 4585
2098 4969
2099 4133
2099 3090
2100 4182
2100 3562
2100 4187
2101 4798
2101 3311
2101 3536
2101 3923
2101 4003
2102 3509
2102 3638
2102 4250
2102 4877
2103 4919
2103 3128
2103 3299
2103 3389
2103 3648
2103 4618
2103 4808
2104 4672
2105 4245
2105 3480
2105 3694
2106 4648
2106 3327
2106 3894
2106 3984
2107 4115
2107 3072
2107 3409
2107 4553
2107 4705
2107 4820
2107 4990
2108 3418
2108 3604
2108 4248
2108 4377
2109 3248
2109 3116
2109 4287
2109 4482
2109 4584
2110 4034
2110 3581
2111 4793
2111 4174
2111 4729
2111 4815
2112 3329
2112 3841
2113 3860
2113 4871
2114 3163
2114 4123
2115 4769
2116 4320
2116 3111
2116 3888
2116 3987
2117 4002
2117 3033
2117 3572
2117 4187
2117 4569
2117 4673
2118 4025
2118 3596
2119 3105
2119 3181
2120 3374
2120 4026
2121 3937
2122 4760
2122 3190
2122 4854
2123 3163
2123 3945
2123 4365
2124 4087
2124 3632
2124 2727
2125 3084
2125 3507
2125 4520
2126 3223
2126 4040
2126 4100
2127 4103
2128 3421
2128 4764
2129 3164
2129 3125
2129 3954
2129 4084
2129 4112
2129 4149
2129 4225
2129 4763
2130 3717
2131 4927
2131 3182
2131 3736
2131 3855
2131 3908
2132 3047
2132 3347
2132 3820
2133 4320
2133 4504
2134 4811
2134 3801
2135 4139
2135 3950
2136 3743
2136 3271
2136 4900
2136 4979
2137 3541
2137 4361
2138 4785
2138 3760
2138 4762
2139 3281
2139 4206
2139 4506
2140 3178
2140 3195
2140 3840
2140 4301
2141 3373
2141 4570
2142 4925
2143 4425
2144 4672
2144 3173
2144 4444
2145 4365
2145 3086
2145 3790
2145 4202
2146 4315
2146 3001
2146 3055
2146 4861
2147 3931
2147 3206
2147 3877
2147 4481
2147 4880
2148 3428
2148 3614
2149 3658
2149 3001
2149 4033
2150 4350
2150 3174
2150 3310
2150 4539
2151 4686
2151 3854
2151 4138
2152 3610
2152 3068
2152 4888
2153 4436
2153 3408
2153 4024
2153 4098
2154 4180
2154 3554
2154 4621
2155 4511
2155 3449
2156 4640
2156 4143
2157 3891
2157 4615
2158 3150
2158 4354
2159 4862
2159 3059
2159 3192
2159 3215
2159 4005
2159 4808
2159 4922
2160 3360
2160 3816
2161 4288
2161 3234
2161 4119
2162 4033
2162 3559
2162 3915
2162 4538
2163 4324
2163 3189
2163 3227
2163 4368
2163 4647
2164 3474
2164 3515
2164 3545
2164 3609
2164 4474
2165 4655
2165 3193
2165 4925
2166 4754
2167 3004
2167 4923
2168 3449
2168 3105
2168 3582
2169 3751
2169 3062
2169 3820
2169 3890
2169 4565
2170 4892
2170 3084
2170 3323
2170 3953
2170 4315
2171 4692
2171 3213
2171 3264
2171 3654
2171 4030
2172 3222
2172 3357
2172 3798
2172 4973
2173 3768
2173 3088
2173 3995
2174 4917
2174 4491
2175 4481
2175 3233
2175 4067
2175 4319
2175 4754
2176 4223
2176 3933
2176 4336
2176 4947
2177 3326
2177 4308
2177 4994
2178 4989
2178 3308
2178 3560
2178 4207
2179 4810
2180 3211
2180 3490
2180 4942
2181 3833
2181 3534
2181 4073
2181 2843
2182 4093
2182 3927
2182 4230
2182 2291
2183 4993
2183 3723
2183 4782
2184 3536
2184 4099
2184 4637
2184 4867
2184 4938
2185 4179
2185 3373
2185 3562
2185 4263
2185 4846
2186 4794
2186 3118
2186 3337
2186 4013
2186 4965
2186 4974
2187 4034
2187 3158
2187 3848
2187 3964
2187 3972
2187 4746
2188 4985
2188 4078
2188 4294
2188 4580
2189 3497
2189 3498
2190 3118
2190 3746
2190 4675
2190 4921
2191 3744
2191 3422
2191 4096
2192 4020
2193 3980
2193 3599
2193 3705
2194 3891
2194 4359
2195 3648
2195 3069
2195 3876
2196 4272
2196 3564
2196 3945
2196 4339
2197 3249
2198 3056
2198 3594
2198 3646
2198 3917
2198 4320
2199 3495
2199 4733
2200 4671
2200 4269
2200 4641
2200 4848
2201 3381
2201 3153
2201 3312
2202 3920
2202 4259
2202 4540
2203 3464
2203 3524
2204 4890
2204 3265
2204 3678
2204 3682
2204 4315
2205 3481
2205 3321
2205 4677
2206 4483
2206 3333
2207 3630
2207 3253
2208 3326
2208 3494
2209 4179
2210 4195
2210 3065
2210 3104
2211 4893
2211 3684
2211 4911
2212 3281
2212 3136
2213 4119
2213 3344
2213 4734
2214 4701
2214 3537
2214 4177
2214 4531
2214 4720
2215 4976
2215 3414
2216 4934
2216 3575
2216 4242
2216 4395
2217 3998
2217 3101
2217 3465
2217 4738
2218 4870
2218 4597
2218 4945
2219 4284
2219 3165
2219 3642
2219 4528
2220 3592
2220 3372
2220 4665
2221 4571
2221 3393
2221 4648
2221 4811
2222 3780
2222 3385
2222 4555
2223 4811
2223 3766
2223 4606
2224 3700
2224 3470
2224 3756
2224 4714
2225 3559
2225 3930
2225 4556
2226 3285
2226 4116
2227 4131
2227 3470
2227 3512
2227 4764
2228 4699
2228 4124
2228 4425
2229 4392
2229 3420
2229 3533
2229 4870
2230 4093
2230 3154
2230 3258
2230 3671
2231 4094
2231 3451
2231 3666
2231 3860
2231 3891
2231 4374
2231 4487
2232 3010
2232 3437
2232 4385
2233 4158
2233 3399
2233 4524
2234 4811
2234 3077
2234 4835
2235 4222
2236 4087
2236 4688
2236 4902
2237 3652
2238 4385
2238 3921
2238 4502
2238 4878
2239 3501
2239 3304
2239 3726
2239 3929
2239 4886
2239 4981
2240 3608
2241 4829
2241 3311
2241 3429
2241 3842
2242 4734
2242 3997
2242 4386
2242 4623
2243 4983
2243 4091
2244 4413
2244 4595
2245 4361
2245 3038
2246 4952
2246 3988
2247 4023
2247 4445
2248 4545
2248 4750
2248 2954
2249 4865
2249 3727
2249 4074
2249 4887
2250 4318
2250 3703
2250 3710
2250 4005
2251 3772
2251 3436
2251 3557
2251 4532
2251 4646
2252 4648
2252 3966
2252 3992
2252 4063
2252 4758
2253 3978
2253 3383
2253 4787
2254 3039
2254 3705
2254 3798
2254 4421
2255 4568
2255 3230
2255 3865
2255 4518
2256 3956
2256 4611
2256 4914
2257 4682
2257 4003
2257 4287
2258 3178
2258 4419
2258 4957
2259 4303
2259 3838
2259 4484
2260 4937
2260 4270
2261 4785
2261 3250
2261 3492
2261 4841
2262 4561
2263 4581
2263 3341
2263 4001
2263 4085
2263 4166
2264 4742
2264 3484
2264 4016
2265 3354
2265 3633
2265 3846
2265 4912
2266 3623
2266 3176
2266 4215
2266 4230
2266 4363
2266 4465
2266 4834
2267 4330
2268 3151
2268 3177
2268 3335
2268 3682
2268 4703
2268 4926
2269 3517
2269 3301
2269 4826
2270 4881
2270 3332
2270 4924
2271 3181
2271 3334
2271 4373
2271 4976
2272 4359
2272 3223
2272 3699
2272 3883
2273 3411
2273 3120
2273 3759
2273 4168
2273 4232
2274 4803
2274 3368
2274 3919
2274 4739
2275 3408
2275 3787
2276 3237
2276 4186
2277 4871
2277 3412
2278 3062
2278 3091
2278 3734
2278 4254
2278 4388
2278 4560
2279 4179
2279 3071
2279 3272
2279 3286
2279 3526
2280 3590
2280 4778
2281 4679
2281 3618
2282 4331
2282 3356
2282 3493
2282 4975
2282 4989
2283 3632
2283 4795
2284 3306
2284 4642
2285 4923
2285 3337
2285 3550
2285 3722
2285 4000
2285 4296
2285 4910
2286 4085
2287 4386
2287 3893
2287 4184
2287 4629
2288 4716
2288 3381
2288 4715
2288 4917
2289 3470
2289 3043
2289 3133
2289 3134
2290 4628
2291 4375
2291 3034
2291 3246
2291 4935
2291 4981
2292 3328
2292 3367
2292 4239
2293 4345
2293 3382
2293 4161
2294 4164
2295 3241
2295 3558
2295 3911
2296 4556
2296 3983
2296 4017
2296 4231
2297 4297
2297 4194
2297 4682
2297 4822
2297 4843
2298 4914
2299 3980
2299 3822
2299 4998
2300 4998
2300 3200
2300 3681
2301 3784
2301 3085
2301 3561
2301 4332
2301 4662
2302 3147
2303 4568
2303 4051
2304 3280
2304 3319
2304 3333
2305 3961
2305 3122
2305 3163
2305 3375
2305 3508
2305 4071
2305 4626
2306 3866
2306 3080
2306 3942
2306 4257
2307 4903
2307 4624
2308 4177
2308 4561
2309 3931
2309 3266
2309 4217
2309 4695
2310 4177
2310 3223
2310 4160
2311 3370
2311 3274
2312 4777
2312 3278
2312 3417
2312 3912
2313 3403
2313 3179
2313 3373
2313 4118
2313 4897
2314 3079
2314 4292
2314 4580
2315 4320
2315 3554
2315 4783
2315 4817
2316 3411
2316 4678
2317 4817
2317 3626
2317 3833
2317 3929
2318 3681
2319 4088
2319 4954
2320 4226
2320 3002
2320 4553
2320 4583
2321 3118
2321 4216
2321 4829
2321 4898
2322 3188
2322 3131
2322 4226
2323 4328
2323 3002
2323 3400
2323 3491
2323 3712
2323 3739
2323 4632
2323 4784
2324 3229
2324 3637
2324 4893
2325 4201
2326 4468
2326 3259
2326 3420
2326 3544
2326 4379
2327 4535
2327 3132
2327 4436
2328 4764
2328 3031
2328 3046
2328 3741
2328 4425
2329 3596
2330 4000
2330 3072
2330 3111
2330 3966
2331 3495
2331 3545
2331 3763
2331 4170
2332 4687
2333 3636
2333 3589
2334 4222
2334 3217
2334 3731
2334 4396
2335 3737
2335 3649
2335 4286
2335 4741
2336 3696
2336 4135
2336 4977
2337 3717
2337 3460
2337 4770
2338 3323
2339 3546
2339 3596
2339 3729
2340 4566
2340 3383
2340 4046
2341 4703
2341 3423
2342 4756
2342 3285
2342 3678
2342 4401
2343 3986
2343 3063
2343 4766
2344 3013
2344 3892
2344 4082
2344 4712
2345 3791
2345 3477
2345 4801
2346 3586
2346 3656
2346 4554
2346 4592
2347 3951
2347 3121
2347 3733
2347 4317
2348 4888
2348 4190
2348 4196
2349 4653
2349 3345
2349 3551
2349 3897
2349 3961
2350 4040
2350 3538
2350 3588
2350 3989
2351 4882
2351 3642
2351 4011
2351 4190
2352 4045
2353 4988
2353 3453
2353 4047
2354 3038
2354 3585
2355 4905
2355 3044
2355 3615
2356 4178
2356 4512
2357 3303
2357 3782
2358 3875
2358 3574
2358 4548
2359 3647
2359 4277
2360 3302
2360 3240
2360 3711
2360 4021
2360 4419
2361 4809
2362 4415
2362 3164
2362 3442
2362 3491
2362 3769
2362 4020
2363 3444
2363 3894
2363 4381
2364 4225
2364 3133
2364 4534
2365 3687
2365 3595
2365 4385
2366 4737
2367 4859
2367 3184
2367 3302
2367 3872
2368 4024
2368 3149
2368 3424
2368 4025
2368 4175
2368 4485
2369 4871
2369 3709
2369 4273
2370 4237
2370 4088
2370 4500
2370 4810
2371 3815
2371 3549
2371 4954
2372 4575
2372 4833
2373 4979
2373 3109
2374 3436
2374 3537
2374 4931
2375 3971
2375 4016
2375 4517
2376 4562
2376 3239
2376 3358
2376 3874
2376 4338
2377 3039
2377 3468
2377 3699
2377 4374
2377 4918
2378 4470
2378 3282
2379 4262
2379 3254
2379 3268
2379 3729
2379 4649
2380 4211
2380 3675
2380 3943
2380 4578
2381 3163
2381 3755
2382 4209
2382 3800
2382 4245
2382 4263
2383 3089
2383 3354
2383 3692
2383 4153
2383 4550
2383 4979
2384 3988
2384 3135
2384 3251
2384 4510
2385 4621
2385 3078
2385 3825
2386 4124
2386 3821
2386 3991
2387 3033
2388 3636
2388 3633
2388 4337
2389 3070
2389 4577
2390 4998
2390 3629
2390 3821
2391 3200
2391 3649
2391 4930
2392 3604
2392 3012
2392 3364
2392 3431
2392 3913
2393 3147
2393 4718
2393 4907
2394 4206
2394 3025
2394 3564
2394 3665
2394 4723
2395 4172
2395 3832
2396 3942
2396 3944
2397 4741
2397 3438
2397 4943
2398 4443
2398 3418
2399 3897
2399 4684
2400 3624
2400 3224
2400 3319
2400 3353
2400 4000
2400 4448
2401 3778
2401 3454
2401 3647
2401 4936
2402 3284
2402 3384
2402 3689
2402 4590
2403 4026
2403 3904
2403 4136
2403 4417
2404 4664
2404 3292
2404 3563
2404 3770
2404 3779
2404 3871
2404 4266
2404 4416
2405 3013
2405 3547
2405 4542
2406 3920
2407 3147
2407 3747
2407 4007
2407 4895
2408 3984
2408 3762
2408 4014
2408 4387
2408 4464
2409 3604
2409 4090
2410 3560
2410 3766
2410 3780
2410 4233
2410 4587
2411 4766
2411 3211
2412 3397
2412 3503
2412 4300
2412 4415
2412 4460
2413 3276
2413 3487
2414 4397
2414 4174
2414 4632
2415 3161
2415 4879
2416 4265
2416 3697
2416 4746
2417 4805
2417 3352
2417 4045
2418 3136
2418 3068
2418 3128
2419 4016
2419 4560
2420 4494
2420 4253
2420 4516
2420 4562
2421 4865
2421 3299
2421 3833
2421 4596
2421 4657
2421 4708
2422 3538
2422 3252
2422 3406
2422 3551
2422 4018
2422 4050
2422 4555
2423 3369
2423 3519
2423 4458
2423 4923
2424 4208
2424 3441
2425 4338
2425 3216
2425 3476
2425 4236
2425 4360
2425 4840
2426 3370
2427 4701
2427 3123
2427 3261
2427 3986
2428 3719
2428 3914
2429 3822
2429 3620
2429 3865
2429 4405
2430 3541
2430 4228
2430 4757
2430 4894
2431 3221
2431 3296
2432 4498
2432 3396
2432 3621
2432 3960
2432 4064
2433 4849
2433 3329
2433 4089
2433 4488
2434 4083
2434 3396
2434 3570
2434 4983
2435 4116
2436 3673
2436 3693
2437 4052
2438 4973
2438 3913
2438 4736
2439 4208
2439 3288
2439 4295
2440 4903
2441 4387
2441 3145
2441 4075
2442 3471
2442 3518
2442 3891
2442 4349
2443 4918
2443 3018
2443 4588
2444 3308
2444 3339
2444 3557
2444 4707
2445 3576
2445 3389
2445 3398
2445 4736
2446 3546
2446 3692
2446 4397
2447 3924
2447 4312
2447 4680
2448 4956
2448 4980
2449 4934
2449 3802
2449 4732
2450 4164
2450 4350
2450 4440
2451 4627
2451 3458
2451 4197
2451 4433
2451 4648
2452 3977
2452 3774
2452 3970
2452 4179
2453 4498
2453 3269
2453 3663
2453 4583
2454 3369
2454 4037
2454 4587
2455 4616
2455 3918
2455 4778
2455 4972
2456 3057
2456 4451
2456 4975
2457 4083
2457 4147
2457 4549
2457 4795
2458 4936
2458 3977
2459 3506
2459 4878
2460 4862
2461 4509
2461 3630
2461 4270
2461 4413
2462 4196
2462 3287
2462 3872
2462 3953
2462 4299
2463 4817
2463 4410
2464 3223
2465 4073
2465 3380
2465 4117
2466 4438
2466 3608
2466 3846
2466 3898
2466 4169
2466 4501
2466 4646
2466 4685
2466 4803
2467 4560
2467 3857
2468 4049
2468 3023
2468 4573
2469 4521
2469 3794
2470 3443
2470 3543
2471 4960
2471 3985
2471 4784
2472 3957
2472 3120
2472 3393
2472 3826
2472 3968
2472 4047
2472 4391
2473 4931
2473 3049
2473 3342
2474 3102
2474 3008
2474 3610
2474 3622
2474 3826
2474 3890
2475 4908
2476 4429
2477 4343
2478 3495
2478 4154
2478 4699
2478 4944
2479 3906
2479 4523
2479 4987
2480 4775
2480 4154
2481 3258
2481 4667
2482 3127
2482 4423
2483 4901
2483 3183
2483 3367
2483 4461
2483 4997
2484 3937
2484 3016
2484 3189
2484 3488
2484 3660
2485 4237
2485 3859
2485 4326
2486 3731
2487 4672
2487 3673
2487 4933
2488 3477
2488 3075
2488 3660
2488 4619
2489 3572
2489 3212
2489 3291
2489 3792
2490 3185
2490 3535
2490 4819
2491 3152
2491 3374
2491 4988
2492 4246
2492 3313
2492 4161
2493 3065
2493 4505
2494 3475
2494 3204
2494 4155
2495 3398
2495 4670
2496 3961
2496 3110
2496 4208
2496 4600
2497 3779
2497 4596
2497 4686
2497 4827
2497 4990
2498 3555
2498 3003
2499 4591
2499 3429
2499 4039
2499 4137
2500 4858
2500 3059
2501 4519
2501 3360
2501 3505
2501 3969
2501 4881
2501 4962
2502 3734
2502 3413
2502 4463
2502 4883
2503 4345
2503 3228
2503 3255
2503 4207
2504 3509
2504 3903
2505 4649
2505 3376
2505 4907
2506 4716
2506 4449
2506 4502
2507 3156
2507 3793
2507 3952
2507 4370
2507 4427
2508 4628
2508 3284
2508 3531
2508 3976
2508 4761
2509 3285
2509 3126
2509 3195
2509 3605
2510 3632
2510 3105
2510 3326
2510 3457
2511 4699
2511 4041
2511 4142
2511 4191
2512 3744
2512 3378
2512 3726
2512 3847
2513 3405
2513 4371
2514 3563
2514 3973
2515 4112
2515 3048
2515 3300
2515 3724
2515 4823
2516 4671
2516 3805
2516 4600
2516 4899
2517 4145
2517 4934
2518 3134
2518 3995
2518 4370
2519 4859
2519 3401
2519 3741
2519 4944
2520 4517
2520 3852
2520 4563
2521 3889
2521 4737
2522 4816
2523 4821
2523 4862
2524 3967
2525 4485
2525 3117
2525 4268
2525 4818
2526 3406
2526 3359
2526 4582
2526 4802
2527 4083
2527 4679
2528 4504
2528 3290
2529 3447
2529 3053
2530 4422
2530 3283
2530 3845
2530 4523
2531 4469
2531 4109
2532 3248
2532 3631
2532 4095
2533 4630
2533 4773
2534 4130
2534 3302
2534 4572
2535 3777
2535 4066
2535 4229
2536 3500
2536 3144
2536 4140
2537 4862
2537 4185
2538 3375
2538 3392
2538 3400
2539 4938
2539 3947
2540 3868
2540 4348
2540 4814
2541 4537
2541 3719
2541 4380
2542 3896
2542 3009
2542 4751
2543 4599
2543 3154
2544 3087
2544 3122
2545 3207
2545 4039
2545 4065
2545 2911
2546 3957
2546 3864
2546 4970
2547 4366
2547 3884
2547 4068
2547 4762
2547 4952
2547 2638
2548 3997
2548 3796
2548 3811
2549 3515
2549 4198
2549 4735
2549 4752
2550 4931
2550 3281
2550 4079
2551 3424
2551 3137
2551 3988
2551 4643
2552 3840
2552 4278
2552 4470
2553 3281
2554 3988
2554 3757
2555 3963
2555 3199
2555 4297
2555 4934
2556 3848
2556 3244
2556 3461
2556 3725
2556 3898
2556 4169
2557 4069
2557 4527
2557 4713
2558 3884
2558 3116
2558 3300
2558 3506
2558 3529
2558 3967
2558 4472
2559 3954
2559 3196
2559 4445
2559 4464
2560 4345
2560 3269
2561 4865
2561 3949
2561 4189
2561 4690
2561 4800
2562 3604
2562 3286
2563 4775
2563 3077
2563 3295
2563 3490
2563 3579
2563 4133
2563 4904
2564 3712
2564 3303
2564 3704
2564 3711
2564 4534
2565 3011
2565 3263
2566 4135
2566 3150
2566 4378
2566 4672
2567 3592
2567 3026
2567 3427
2567 3635
2567 4200
2567 4909
2567 4918
2568 3532
2569 4649
2569 4845
2570 4026
2570 3761
2570 4152
2570 4348
2571 4517
2571 3209
2571 3905
2571 3990
2572 3714
2572 3474
2572 3580
2572 4353
2572 4619
2573 3450
2573 3032
2573 4164
2574 4205
2574 3167
2574 3653
2574 3906
2575 3105
2575 3010
2575 3903
2575 4372
2575 4659
2575 4666
2575 4685
2575 4859
2576 3539
2577 3060
2577 3498
2577 3938
2578 4467
2578 3679
2578 4107
2578 4872
2579 4237
2579 4446
2580 3906
2580 3219
2580 3752
2580 4199
2581 3974
2581 3097
2581 4102
2581 4137
2582 4096
2582 3471
2582 4798
2583 4326
2583 3297
2583 3856
2583 4489
2584 3064
2584 4661
2584 4693
2585 3713
2585 3476
2586 4086
2587 3214
2587 3469
2587 4001
2588 3519
2588 3520
2588 3586
2588 3751
2588 4028
2588 4504
2588 4805
2588 4927
2589 4716
2589 3343
2590 4724
2590 3700
2590 4104
2590 4726
2590 4937
2591 3237
2591 4595
2591 4890
2592 3465
2592 3170
2592 3394
2592 4113
2592 4247
2592 4703
2593 3280
2593 3021
2593 3450
2593 4056
2593 4692
2594 3260
2594 3016
2595 4950
2595 3143
2595 4400
2595 4946
2595 2985
2596 4836
2596 3901
2596 3949
2596 4282
2596 4718
2596 4987
2597 3673
2597 3770
2597 4210
2598 4482
2598 3886
2598 4159
2598 4974
2599 3585
2599 3289
2599 4949
2600 4266
2600 3727
2601 3446
2602 4851
2602 3604
2602 3626
2602 4513
2602 4700
2603 3787
2603 3187
2603 3803
2603 4532
2604 3907
2605 4170
2605 3047
2605 3585
2605 4522
2605 4804
2605 4816
2605 4901
2606 3177
2606 3022
2606 3419
2606 4301
2606 4439
2606 4682
2606 4817
2607 4699
2608 4936
2608 4859
2609 3228
2609 3019
2609 4903
2610 4078
2610 3129
2610 3539
2610 4079
2610 4107
2611 4235
2611 3901
2612 4876
2613 3417
2613 4451
2614 3127
2614 4209
2615 3249
2615 3725
2616 4961
2616 4545
2617 4645
2617 3237
2617 3523
2618 4746
2618 3130
2618 3715
2618 4546
2619 3332
2620 3442
2620 3510
2620 4840
2621 4508
2621 3460
2621 4896
2622 3004
2622 3029
2622 4472
2623 4816
2623 3033
2623 3965
2624 3301
2624 3198
2624 3635
2625 3330
2625 3664
2625 4714
2625 4838
2625 4937
2626 4319
2626 3610
2626 3978
2626 4971
2627 3205
2627 3343
2627 3565
2627 3623
2628 3607
2628 3883
2628 4255
2629 3269
2629 3388
2629 3594
2629 3659
2629 3974
2630 3516
2630 3736
2630 4237
2631 4126
2631 3503
2632 4999
2633 3335
2634 3541
2634 3425
2634 4062
2635 4863
2635 3057
2635 3442
2635 4772
2635 4904
2636 4754
2636 3782
2636 3939
2636 4134
2636 4333
2636 4678
2636 4853
2637 4331
2637 3905
2637 4562
2637 4660
2638 4560
2638 3205
2638 4892
2639 3001
2639 3013
2639 3067
2639 4880
2640 4729
2640 3007
2640 3213
2640 3632
2641 4207
2641 3202
2641 3918
2641 4052
2642 4858
2642 3265
2642 3802
2642 4119
2642 4725
2643 3413
2643 3360
2643 3542
2643 3555
2644 4572
2644 3404
2644 3426
2644 4200
2644 4601
2644 4701
2644 4740
2645 4762
2645 3466
2645 4644
2646 3406
2646 3236
2646 3873
2647 3555
2647 4092
2647 4664
2648 4087
2648 3584
2648 4176
2649 3468
2649 4364
2649 4570
2650 4331
2650 3749
2651 4352
2651 3768
2651 4687
2651 4884
2652 3897
2652 3152
2652 3306
2652 3700
2652 4002
2652 4612
2653 3234
2653 3031
2653 3834
2654 3920
2654 4813
2655 3880
2655 3526
2655 4324
2655 4347
2655 4712
2656 4761
2656 4143
2656 4786
2657 4849
2657 4490
2657 4554
2658 3935
2658 3914
2659 4694
2659 3391
2659 4835
2659 4898
2660 4388
2660 3309
2660 4101
2660 4454
2660 4653
2661 3001
2661 3786
2661 4037
2662 4857
2662 3191
2662 4807
2662 4869
2663 4633
2663 3435
2663 3528
2664 4703
2664 3411
2664 3919
2664 4157
2664 4604
2665 4385
2666 3389
2666 3893
2666 4983
2667 4280
2667 3177
2667 3765
2668 4748
2668 3052
2668 3521
2668 3879
2668 4991
2669 4280
2669 3428
2669 4476
2670 4255
2670 3982
2670 3989
2670 4279
2670 4448
2670 4601
2670 4775
2671 4044
2671 3229
2671 4123
2672 4533
2672 4072
2673 3625
2673 3859
2673 3864
2673 4813
2674 3711
2674 3153
2674 3672
2674 4121
2675 4942
2675 3102
2675 3455
2675 4612
2675 4874
2676 3274
2676 3638
2676 3932
2676 4544
2677 3373
2677 3748
2677 4326
2677 4510
2678 4761
2678 4080
2678 4412
2679 3349
2679 3735
2680 3381
2680 3021
2680 4202
2681 4768
2682 3395
2682 4111
2683 3980
2683 4997
2684 3237
2684 3243
2684 3406
2684 3573
2684 4414
2684 4582
2684 4899
2685 4526
2685 4293
2685 4306
2685 4819
2686 3105
2686 3896
2686 4057
2686 4214
2687 3532
2687 3536
2687 4188
2687 4457
2687 4811
2687 4955
2688 4295
2689 3245
2689 3029
2689 3758
2690 3731
2690 3527
2690 3611
2690 4414
2690 4831
2691 3281
2691 3227
2691 3546
2691 3673
2691 3958
2691 4049
2691 4114
2692 3281
2692 4438
2692 4503
2692 4892
2693 4350
2693 3434
2693 3436
2693 3955
2693 4325
2693 4434
2693 4639
2694 3931
2694 3104
2695 3500
2695 3416
2695 3975
2696 4682
2697 4448
2698 4029
2698 3720
2698 4447
2699 4328
2699 3000
2699 3645
2699 4213
2700 4732
2700 3876
2700 4708
2701 3464
2701 3024
2701 3384
2701 4471
2702 3210
2702 3277
2702 4672
2703 4178
2703 3238
2703 3243
2703 4629
2704 3695
2704 4004
2705 4279
2705 3936
2705 4038
2706 4440
2706 3079
2706 4059
2706 4330
2706 4693
2706 4797
2707 3424
2707 3242
2707 3810
2707 4289
2708 3725
2708 4228
2709 3858
2709 3776
2709 4185
2709 4671
2710 3871
2710 3234
2710 3807
2710 4384
2710 4711
2711 3633
2711 3371
2712 3712
2712 3448
2712 4246
2712 4559
2713 4975
2713 3097
2714 3918
2714 3887
2715 3443
2715 4748
2716 4434
2716 3157
2716 4947
2717 3712
2717 4945
2717 4967
2718 4295
2718 3257
2718 3556
2718 4429
2718 4959
2719 4505
2719 3190
2719 3464
2720 3470
2721 4979
2721 3124
2721 3315
2721 3499
2722 4141
2722 3258
2722 3595
2722 4024
2722 4822
2723 4760
2723 3058
2724 3926
2724 3693
2725 3848
2725 3290
2725 3709
2725 4250
2725 4479
2726 4757
2726 3055
2726 3330
2726 3401
2726 3426
2726 3845
2726 4155
2726 4218
2727 3633
2727 3397
2727 3439
2727 4702
2727 4960
2728 4086
2728 3932
2728 4511
2729 3147
2729 3684
2729 3732
2729 4139
2730 4851
2730 3478
2730 3518
2730 4237
2731 4558
2731 3566
2731 3703
2731 4844
2732 4078
2732 3015
2732 4895
2733 4960
2733 3656
2733 3664
2733 3786
2733 4362
2734 3286
2734 3601
2734 3831
2735 3836
2735 3391
2735 4722
2736 3107
2736 4110
2737 3497
2737 4710
2737 4875
2738 3782
2738 3194
2738 4901
2739 3555
2739 3110
2739 3181
2739 3348
2739 3415
2739 3875
2739 4284
2739 4575
2739 4792
2739 4885
2740 4775
2740 3590
2740 4783
2741 4095
2742 3118
2742 4456
2742 4618
2743 3738
2743 3580
2743 4473
2744 4119
2744 4203
2744 4511
2745 3421
2745 3925
2745 4147
2746 4575
2746 4078
2746 4127
2746 4767
2746 4984
2747 4265
2747 3497
2748 4391
2748 3620
2749 4437
2749 4443
2749 4499
2750 3025
2750 3706
2750 4077
2750 4272
2750 4482
2751 3743
2751 3143
2751 4222
2751 4863
2752 3586
2752 4773
2753 4115
2753 3316
2753 4454
2753 4794
2754 3041
2755 4641
2755 3146
2755 3630
2755 3863
2756 3285
2756 3222
2756 3415
2756 4307
2757 3581
2757 4027
2757 4978
2758 4923
2758 3501
2758 4706
2759 3335
2759 4403
2760 3125
2760 3951
2760 4036
2761 3375
2761 4283
2761 4411
2762 3866
2762 3045
2762 3478
2762 4854
2763 4794
2763 3030
2764 3881
2764 3379
2764 3704
2764 3784
2764 3812
2764 4267
2765 4540
2766 4719
2766 3612
2766 3941
2766 4211
2766 4247
2766 2801
2767 4858
2767 3457
2767 4239
2767 4623
2767 4721
2768 4396
2768 3669
2768 3690
2768 4210
2769 3644
2770 4515
2770 4014
2770 4959
2771 4276
2772 3481
2772 3174
2772 4894
2773 4328
2773 4615
2774 3221
2774 4728
2775 4081
2776 4133
2776 3788
2776 4467
2776 4927
2777 3347
2777 3569
2777 4605
2778 3215
2779 3637
2779 3670
2779 3912
2780 3644
2780 3139
2780 3451
2781 4566
2781 3534
2781 4162
2781 4294
2782 3625
2782 4141
2782 4337
2782 4998
2783 3203
2783 3061
2783 3485
2783 4652
2784 3050
2785 3334
2785 3201
2785 4071
2785 4221
2786 4114
2786 4054
2786 4788
2787 4814
2788 4254
2788 4028
2788 4913
2789 4736
2790 4989
2790 3060
2790 3775
2790 3957
2790 4544
2791 4741
2791 3907
2791 4146
2792 4810
2792 3166
2792 4132
2793 4696
2793 3516
2794 4118
2794 3616
2794 3671
2795 3882
2795 3542
2795 3641
2796 4756
2796 3365
2796 4111
2797 3870
2797 3784
2798 3466
2798 3472
2798 3592
2799 4413
2799 3146
2799 4022
2799 4549
2800 4760
2800 3504
2800 4564
2800 4769
2800 4969
2801 3454
2801 3538
2802 4160
2802 4489
2802 4856
2803 3555
2803 4588
2804 3621
2804 3103
2804 4281
2805 4230
2805 3752
2805 4624
2805 4949
2806 4993
2806 4023
2807 4990
2807 3318
2807 4273
2808 3758
2808 4008
2808 4755
2809 4263
2809 3663
2809 3685
2809 3817
2809 4061
2810 3186
2810 3541
2811 3903
2811 4093
2811 4991
2812 4618
2812 3083
2812 3215
2812 3331
2812 4177
2812 4724
2813 4809
2813 3702
2813 4198
2813 4759
2814 3224
2814 3349
2814 4404
2815 3031
2815 3357
2815 3716
2815 4757
2816 3837
2817 4234
2817 3602
2817 4696
2818 3865
2818 3579
2818 3605
2818 4015
2819 3147
2819 3038
2819 3048
2820 3562
2820 3298
2820 4397
2821 4211
2821 4186
2821 4664
2821 4893
2821 4943
2822 4046
2822 3270
2822 3874
2823 4185
2824 4343
2824 3475
2824 3578
2824 3793
2824 3900
2824 4069
2825 3491
2825 3069
2825 3260
2826 3031
2826 3527
2827 4780
2827 4178
2827 4312
2827 4318
2828 3931
2828 3044
2828 3466
2828 4459
2829 4763
2829 3053
2829 3296
2829 3433
2829 4223
2829 4801
2830 3719
2830 3145
2831 3529
2831 3425
2831 3804
2831 3917
2831 4973
2832 4557
2832 3622
2832 4015
2832 4271
2833 3942
2833 3445
2833 4235
2834 3047
2834 3795
2834 4131
2834 4260
2834 4756
2835 3942
2835 4076
2835 4435
2835 4616
2836 3418
2836 3006
2836 3402
2837 4295
2837 3226
2837 3413
2837 4019
2838 4633
2838 3676
2838 4034
2839 4132
2839 3112
2839 3157
2839 3395
2839 3616
2839 4271
2840 3840
2841 4450
2842 3295
2843 4626
2843 3070
2843 4828
2844 3637
2844 3208
2844 4393
2845 3470
2845 3152
2845 3830
2845 4156
2845 4749
2845 4882
2846 3173
2846 4590
2846 4760
2846 4842
2847 4786
2847 3268
2847 4311
2847 4657
2848 3076
2848 4013
2848 4631
2848 4663
2849 4883
2849 3169
2849 4221
2849 4344
2849 4982
2850 3318
2850 3205
2850 4386
2850 4584
2850 4966
2851 4566
2851 3866
2851 4383
2852 4282
2852 3842
2853 3860
2853 3395
2853 4217
2854 4758
2854 3797
2855 4512
2855 3061
2855 3810
2855 4095
2855 4165
2856 4656
2856 3065
2856 3761
2856 3827
2856 3928
2856 4266
2857 4640
2857 4042
2857 4530
2857 4713
2857 4825
2858 4274
2858 4759
2859 4710
2859 3636
2859 3869
2859 4054
2859 4591
2860 4185
2860 3134
2860 4581
2861 3471
2861 4449
2861 4478
2862 4659
2862 3543
2863 3085
2863 3483
2864 4330
2864 3042
2864 3141
2864 4091
2864 4730
2865 3703
2865 4488
2866 3248
2866 3009
2866 3888
2866 4183
2867 3876
2868 4884
2868 3249
2868 3785
2869 4849
2869 3502
2869 3895
2869 2981
2870 3948
2870 3098
2870 3160
2870 3197
2870 4150
2870 4402
2870 4627
2871 4482
2871 3027
2871 4444
2871 4933
2872 3360
2872 3248
2872 4798
2873 4788
2874 3858
2875 3433
2875 3117
2875 3245
2875 4165
2875 4341
2875 4609
2876 3996
2877 4784
2877 3363
2877 4069
2877 4382
2878 3473
2878 3439
2878 3707
2878 3744
2878 3882
2879 4640
2879 3881
2879 4008
2879 4082
2880 3002
2880 3908
2880 3959
2880 4274
2881 3322
2881 3390
2882 4621
2882 3178
2882 4379
2882 4872
2883 3031
2883 3878
2883 3946
2883 4406
2884 4270
2884 3806
2885 3280
2886 4390
2886 4492
2887 3907
2887 3172
2887 3961
2888 4364
2888 3940
2888 4871
2888 4953
2889 4387
2889 3975
2889 4561
2890 3688
2890 3074
2890 3180
2890 3201
2890 4305
2890 4668
2890 4922
2891 3312
2891 4852
2892 3938
2892 3539
2892 4381
2893 3335
2893 4430
2893 4698
2893 4879
2894 3467
2894 3683
2894 4246
2895 4729
2895 3253
2895 3427
2896 4328
2896 3372
2896 3853
2896 4340
2897 3794
2897 3445
2897 3662
2897 4257
2898 3822
2898 3305
2898 4670
2898 4995
2899 4431
2899 4044
2899 4697
2900 4438
2900 3646
2900 4127
2901 4392
2901 3737
2901 4411
2901 4428
2902 3907
2902 3565
2902 4225
2903 4754
2903 3306
2903 4323
2903 4575
2904 3519
2904 4195
2905 3604
2905 4547
2905 4567
2905 4723
2906 3967
2906 3054
2906 3064
2906 3495
2906 3559
2906 3958
2906 4357
2906 4395
2906 4462
2907 3421
2907 3603
2907 4354
2908 3599
2908 4698
2909 4048
2909 3235
2909 3935
2909 4418
2910 3808
2910 4036
2910 4393
2911 3710
2911 3155
2912 3920
2912 4034
2912 4790
2913 3626
2913 3897
2914 3444
2914 4351
2915 3647
2915 3028
2915 3735
2915 4132
2915 4849
2916 3868
2916 3150
2916 3328
2916 3974
2916 4043
2917 3308
2918 3725
2918 4452
2919 3161
2919 3164
2919 3742
2919 3999
2919 4052
2919 4864
2919 4985
2920 4613
2920 3386
2920 3619
2920 3855
2921 4232
2921 4402
2921 4709
2922 4900
2922 3073
2922 3088
2922 3568
2922 3868
2922 4032
2922 4940
2923 4566
2923 4122
2923 4920
2924 3032
2924 4608
2925 4415
2925 3715
2926 4016
2926 3444
2926 3623
2926 4552
2927 4838
2927 3880
2928 3712
2929 4659
2929 4298
2929 4334
2930 3424
2930 3775
2931 3024
2931 3776
2931 4625
2932 3127
2932 3404
2932 3702
2932 4361
2932 4471
2933 3898
2933 4958
2934 4323
2934 3183
2934 4022
2934 4218
2934 4571
2935 4736
2936 3024
2936 3261
2936 3597
2936 3856
2936 4020
2936 4346
2936 4641
2937 4294
2937 4522
2937 4622
2937 4780
2938 3618
2938 4679
2938 4966
2939 4801
2939 4084
2940 3279
2940 3293
2940 3359
2940 3540
2940 4939
2941 4920
2941 4252
2941 4616
2941 4932
2942 4811
2942 4325
2942 4906
2943 4862
2943 3507
2944 4240
2945 4699
2945 3453
2945 3750
2946 4125
2946 3382
2946 4060
2946 4087
2947 3807
2947 3030
2947 3267
2947 3549
2947 4487
2948 3230
2948 3657
2948 4356
2949 4441
2949 3101
2949 4027
2949 4952
2950 3858
2950 3151
2950 4343
2951 3303
2951 3086
2951 4652
2951 4821
2952 4271
2952 3052
2952 3102
2952 3273
2952 3879
2952 3924
2952 4829
2953 4891
2953 4306
2954 4851
2955 3154
2955 4634
2956 3233
2956 3698
2956 4770
2957 4510
2958 4761
2958 4573
2959 4175
2959 3591
2959 3780
2959 4199
2960 3314
2960 3045
2960 3066
2960 3108
2960 4839
2961 3168
2961 4328
2961 4868
2962 4736
2962 3482
2962 4805
2963 4115
2963 3119
2963 4096
2963 4418
2964 3369
2964 4541
2964 4635
2965 4170
2965 3481
2965 4651
2965 4971
2966 4336
2967 4516
2967 3791
2967 4885
2967 4980
2968 4574
2968 3096
2968 3713
2968 4173
2968 4407
2968 4906
2969 4895
2969 3685
2969 4279
2969 4683
2970 4566
2970 4004
2970 4517
2971 3963
2971 4551
2971 4717
2972 3065
2972 3402
2973 3237
2973 3851
2974 3161
2974 3994
2975 3168
2975 3292
2975 3379
2975 3718
2976 4842
2976 3342
2976 4611
2976 4999
2977 3237
2977 4062
2977 4683
2978 3592
2978 4529
2979 4086
2979 3042
2979 4431
2979 4876
2979 4941
2980 4005
2980 4261
2981 3771
2981 3236
2981 3760
2981 3972
2981 4291
2981 4408
2981 4716
2982 4316
2982 3080
2982 3279
2982 4493
2983 3796
2983 4203
2983 4405
2983 4436
2984 4948
2984 3654
2984 3714
2984 4076
2984 4158
2985 4470
2985 3346
2985 4356
2986 3617
2986 3750
2986 3881
2986 4158
2987 3253
2987 3414
2988 4845
2988 3204
2988 4283
2988 4910
2989 3423
2989 3643
2989 3781
2989 3937
2990 4517
2991 3127
2991 3479
2991 3772
2991 4081
2992 3349
2992 3493
2992 4304
2992 4459
2992 4870
2993 4406
2993 3081
2993 3241
2993 4631
2993 4733
2993 4856
2994 4481
2994 3015
2994 4674
2994 4858
2994 4911
2995 3345
2995 4090
2995 4321
2995 4851
2995 4964
2996 3933
2996 3232
2997 4138
2998 3706
2998 4558
2998 4656
2999 3160
2999 3553
2999 4743
3043 4823
3126 4302
3235 3426
3473 3492
3527 3729
3737 4560
3771 4805
3906 4478
3929 4274
3944 4741
3962 4912
4074 4638
4329 4631
4364 4825
4488 4538
